0 7 10.3333
1 6 9.13333
2 4 7
3 4 6.26667
4 4 5.73333
5 3 5.6
6 2 4.53333
7 2 4.03333
8 2 3.53333
9 2 2.56667
10 2 2.6
11 1 2.6
12 1 2.4
13 1 2.46667
14 1 2.46667
15 1 2.26667
16 1 2.16667
17 1 1.53333
18 1 1.4
19 1 1.56667
20 1 1.73333
21 1 1.26667
22 1 1.6
23 1 1.83333
24 1 1.66667
25 1 1.33333
26 1 1.4
27 1 1.73333
28 1 1.66667
29 1 1.26667
30 1 1.93333
31 1 1.73333
32 1 1.46667
33 1 1.76667
34 1 1.56667
35 1 1.46667
36 1 1.4
37 1 1.2
38 1 1.46667
39 1 1.46667
40 1 1.5
41 1 1.5
42 1 1.6
43 1 1.43333
44 1 1.6
45 1 1.53333
46 1 1.7
47 1 1.8
48 1 1.23333
49 1 1.63333
50 1 1.73333
51 1 1.6
52 1 1.5
53 1 1.56667
54 1 1.43333
55 1 1.46667
56 1 1.63333
57 1 1.26667
58 1 1.2
59 1 1.4
60 1 1.3
61 1 1.16667
62 1 1.63333
63 1 1.5
64 1 1.5
65 1 1.3
66 1 1.4
67 1 1.53333
68 1 1.86667
69 1 1.63333
70 1 1.5
71 1 1.36667
72 1 1.43333
73 1 1.26667
74 1 1.3
75 1 1.23333
76 1 1.63333
77 1 1.4
78 1 1.5
79 1 1.6
80 1 1.33333
81 1 1.63333
82 1 1.43333
83 1 1.56667
84 1 1.4
85 1 1.6
86 1 1.4
87 1 1.76667
88 1 1.8
89 1 1.53333
90 1 1.7
91 1 1.63333
92 1 1.4
93 1 1.36667
94 1 1.6
95 1 1.53333
96 1 1.6
97 1 1.4
98 1 1.33333
99 1 1.53333
100 1 1.73333
101 1 1.4
102 1 1.46667
103 1 1.76667
104 1 1.43333
105 1 1.26667
106 1 1.7
107 1 1.46667
108 1 1.33333
109 1 1.4
110 1 1.46667
111 1 1.4
112 1 1.6
113 1 1.46667
114 1 1.33333
115 1 1.8
116 1 1.56667
117 1 1.6
118 1 1.43333
119 1 1.36667
120 1 1.36667
121 1 1.63333
122 1 1.73333
123 1 1.36667
124 1 1.4
125 1 1.9
126 1 1.7
127 1 1.4
128 1 1.7
129 1 1.63333
130 1 1.26667
131 1 1.73333
132 1 1.4
133 1 1.43333
134 1 1.63333
135 1 1.6
136 1 1.63333
137 1 1.26667
138 1 1.5
139 1 1.5
140 1 1.73333
141 1 1.13333
142 1 1.73333
143 1 1.43333
144 1 1.43333
145 1 1.36667
146 1 1.63333
147 1 1.43333
148 1 1.4
149 1 1.43333
150 1 1.26667
151 1 1.83333
152 1 1.6
153 1 1.76667
154 1 1.8
155 1 1.53333
156 1 1.6
157 1 1.46667
158 1 1.1
159 1 1.63333
160 1 1.76667
161 1 1.2
162 1 1.33333
163 1 1.26667
164 1 1.43333
165 1 1.4
166 1 1.8
167 1 1.76667
168 1 1.56667
169 1 1.53333
170 1 1.46667
171 1 1.8
172 1 1.43333
173 1 1.4
174 1 1.43333
175 1 1.4
176 1 1.53333
177 1 1.46667
178 1 1.23333
179 1 1.66667
180 1 1.73333
181 1 1.76667
182 1 1.5
183 1 1.6
184 1 1.4
185 1 1.4
186 1 1.36667
187 1 1.6
188 1 1.56667
189 1 1.93333
190 1 1.63333
191 1 1.43333
192 1 1.76667
193 1 1.56667
194 1 1.76667
195 1 1.5
196 1 1.33333
197 1 1.4
198 1 1.36667
199 1 1.73333
200 1 1.66667
201 1 1.36667
202 1 1.56667
203 1 1.63333
204 1 1.4
205 1 1.53333
206 1 1.6
207 1 1.6
208 1 1.5
209 1 1.56667
210 1 1.86667
211 1 1.36667
212 1 1.6
213 1 1.76667
214 1 1.53333
215 1 1.9
216 1 1.53333
217 1 1.8
218 1 1.4
219 1 1.26667
220 1 1.3
221 1 1.36667
222 1 1.56667
223 1 1.63333
224 1 1.6
225 1 1.3
226 1 1.4
227 1 1.53333
228 1 1.56667
229 1 1.43333
230 1 1.46667
231 1 1.36667
232 1 1.73333
233 1 2.16667
234 1 1.6
235 1 1.46667
236 1 1.53333
237 1 1.53333
238 1 1.66667
239 1 1.56667
240 1 1.33333
241 1 1.56667
242 1 1.53333
243 1 1.6
244 1 1.26667
245 1 1.7
246 1 1.76667
247 1 1.53333
248 1 1.66667
249 1 1.5
250 1 1.36667
251 1 1.76667
252 1 1.5
253 1 1.76667
254 1 1.33333
255 1 1.63333
256 1 1.46667
257 1 1.43333
258 1 1.46667
259 1 1.73333
260 1 1.43333
261 1 1.53333
262 1 1.66667
263 1 1.5
264 1 1.4
265 1 1.6
266 1 1.53333
267 1 1.46667
268 1 1.53333
269 1 1.6
270 1 1.56667
271 1 1.7
272 1 1.6
273 1 1.4
274 1 1.7
275 1 1.43333
276 1 1.53333
277 1 1.53333
278 1 1.46667
279 1 1.83333
280 1 1.33333
281 1 1.63333
282 1 1.73333
283 1 1.7
284 1 1.46667
285 1 1.63333
286 1 1.9
287 1 1.93333
288 1 1.43333
289 1 1.43333
290 1 1.66667
291 1 1.6
292 1 1.5
293 1 1.4
294 1 1.7
295 1 1.6
296 1 1.4
297 1 1.6
298 1 1.6
299 1 1.66667
300 1 1.46667
301 1 1.6
302 1 1.5
303 1 1.46667
304 1 1.56667
305 1 1.8
306 1 1.4
307 1 1.96667
308 1 1.83333
309 1 1.46667
310 1 1.53333
311 1 1.43333
312 1 1.83333
313 1 1.2
314 1 1.43333
315 1 1.26667
316 1 1.7
317 1 1.36667
318 1 1.53333
319 1 1.5
320 1 1.36667
321 1 1.56667
322 1 1.3
323 1 1.33333
324 1 1.66667
325 1 1.6
326 1 1.43333
327 1 1.66667
328 1 1.56667
329 1 1.46667
330 1 1.33333
331 1 1.3
332 1 1.6
333 1 1.56667
334 1 1.2
335 1 1.43333
336 1 1.13333
337 1 1.43333
338 1 1.2
339 1 1.26667
340 1 1.63333
341 1 1.7
342 1 1.36667
343 1 1.36667
344 1 1.53333
345 1 1.96667
346 1 1.56667
347 1 1.33333
348 1 1.36667
349 1 1.5
350 1 1.13333
351 1 1.7
352 1 1.83333
353 1 1.7
354 1 1.66667
355 1 1.66667
356 1 1.6
357 1 1.63333
358 1 1.53333
359 1 1.8
360 1 1.66667
361 1 1.26667
362 1 1.6
363 1 1.5
364 1 1.5
365 1 1.66667
366 1 1.53333
367 1 1.2
368 1 1.46667
369 1 1.46667
370 1 1.4
371 1 1.76667
372 1 1.66667
373 1 1.6
374 1 1.7
375 1 1.56667
376 1 1.56667
377 1 1.53333
378 1 1.46667
379 1 1.5
380 1 1.3
381 1 1.53333
382 1 1.4
383 1 1.73333
384 1 1.4
385 1 1.43333
386 1 1.36667
387 1 1.26667
388 1 1.6
389 1 1.6
390 1 1.33333
391 1 1.73333
392 1 1.4
393 1 1.43333
394 1 1.33333
395 1 1.8
396 1 1.6
397 1 1.4
398 1 1.56667
399 1 1.66667
400 1 1.36667
401 1 1.5
402 1 1.76667
403 1 1.63333
404 1 1.16667
405 1 1.56667
406 1 1.5
407 1 1.53333
408 1 1.06667
409 1 1.66667
410 1 1.66667
411 1 1.7
412 1 1.46667
413 1 1.43333
414 1 1.4
415 1 1.6
416 1 1.53333
417 1 1.3
418 1 1.3
419 1 1.46667
420 1 1.76667
421 1 1.66667
422 1 1.53333
423 1 1.36667
424 1 1.6
425 1 1.53333
426 1 1.5
427 1 1.93333
428 1 1.36667
429 1 1.63333
430 1 1.8
431 1 1.43333
432 1 1.33333
433 1 1.73333
434 1 1.6
435 1 1.6
436 1 1.46667
437 1 1.53333
438 1 1.5
439 1 1.66667
440 1 1.1
441 1 1.56667
442 1 1.63333
443 1 1.53333
444 1 1.43333
445 1 1.73333
446 1 1.43333
447 1 1.76667
448 1 1.66667
449 1 1.3
450 1 1.4
451 1 1.16667
452 1 1.5
453 1 1.5
454 1 1.46667
455 1 1.56667
456 1 1.8
457 1 1.56667
458 1 1.4
459 1 1.36667
460 1 1.26667
461 1 1.4
462 1 1.5
463 1 1.73333
464 1 1.7
465 1 1.53333
466 1 1.2
467 1 1.33333
468 1 1.6
469 1 1.6
470 1 1.5
471 1 1.23333
472 1 1.4
473 1 1.83333
474 1 1.76667
475 1 1.76667
476 1 1.36667
477 1 1.6
478 1 1.56667
479 1 1.6
480 1 1.53333
481 1 1.43333
482 1 1.63333
483 1 1.7
484 1 1.4
485 1 1.26667
486 1 1.4
487 1 1.56667
488 1 1.46667
489 1 1.6
490 1 1.43333
491 1 1.26667
492 1 1.9
493 1 1.26667
494 1 1.9
495 1 1.53333
496 1 1.46667
497 1 1.46667
498 1 1.96667
499 1 1.46667
500 1 1.5
501 1 1.6
502 1 1.43333
503 1 1.76667
504 1 1.53333
505 1 1.6
506 1 1.4
507 1 1.66667
508 1 1.66667
509 1 1.6
510 1 1.53333
511 1 1.4
512 1 1.23333
513 1 1.46667
514 1 1.36667
515 1 1.56667
516 1 1.7
517 1 1.63333
518 1 1.76667
519 1 1.23333
520 1 1.53333
521 1 1.5
522 1 1.73333
523 1 1.4
524 1 1.3
525 1 1.33333
526 1 1.63333
527 1 1.36667
528 1 1.46667
529 1 1.26667
530 1 1.26667
531 1 1.4
532 1 1.96667
533 1 1.76667
534 1 1.73333
535 1 1.5
536 1 1.76667
537 1 1.53333
538 1 1.63333
539 1 1.63333
540 1 1.43333
541 1 1.46667
542 1 1.73333
543 1 1.63333
544 1 1.56667
545 1 1.66667
546 1 1.36667
547 1 1.63333
548 1 1.93333
549 1 1.6
550 1 1.6
551 1 1.33333
552 1 1.43333
553 1 1.43333
554 1 1.56667
555 1 1.46667
556 1 1.86667
557 1 1.43333
558 1 1.5
559 1 1.16667
560 1 1.26667
561 1 1.33333
562 1 1.5
563 1 1.56667
564 1 1.56667
565 1 1.53333
566 1 1.6
567 1 1.5
568 1 1.5
569 1 1.4
570 1 1.23333
571 1 1.36667
572 1 1.7
573 1 1.7
574 1 1.6
575 1 1.43333
576 1 1.46667
577 1 1.36667
578 1 1.7
579 1 1.5
580 1 1.66667
581 1 1.66667
582 1 1.43333
583 1 1.7
584 1 1.43333
585 1 1.66667
586 1 1.73333
587 1 1.33333
588 1 1.43333
589 1 1.33333
590 1 1.53333
591 1 1.53333
592 1 1.36667
593 1 1.5
594 1 1.7
595 1 1.26667
596 1 1.5
597 1 1.46667
598 1 1.6
599 1 1.4
600 1 1.8
601 1 1.63333
602 1 1.73333
603 1 1.53333
604 1 1.5
605 1 1.4
606 1 1.63333
607 1 1.6
608 1 1.46667
609 1 1.83333
610 1 1.36667
611 1 1.43333
612 1 1.66667
613 1 1.8
614 1 1.46667
615 1 1.53333
616 1 1.26667
617 1 1.56667
618 1 1.56667
619 1 1.63333
620 1 1.53333
621 1 1.43333
622 1 1.33333
623 1 1.53333
624 1 1.63333
625 1 1.86667
626 1 1.9
627 1 1.53333
628 1 1.43333
629 1 1.63333
630 1 1.6
631 1 1.53333
632 1 1.23333
633 1 1.36667
634 1 1.7
635 1 1.23333
636 1 1.76667
637 1 1.43333
638 1 1.26667
639 1 1.4
640 1 1.36667
641 1 1.56667
642 1 2.03333
643 1 1.56667
644 1 1.53333
645 1 1.43333
646 1 1.66667
647 1 1.46667
648 1 1.26667
649 1 1.3
650 1 1.26667
651 1 1.6
652 1 1.43333
653 1 1.3
654 1 1.33333
655 1 1.66667
656 1 1.4
657 1 1.76667
658 1 1.33333
659 1 1.6
660 1 1.5
661 1 1.13333
662 1 1.63333
663 1 1.46667
664 1 1.33333
665 1 1.8
666 1 1.43333
667 1 1.43333
668 1 1.46667
669 1 1.56667
670 1 1.43333
671 1 1.63333
672 1 1.46667
673 1 1.83333
674 1 1.6
675 1 1.4
676 1 1.33333
677 1 1.23333
678 1 1.63333
679 1 1.63333
680 1 1.36667
681 1 1.3
682 1 1.36667
683 1 1.7
684 1 1.6
685 1 1.5
686 1 1.33333
687 1 1.6
688 1 1.7
689 1 2.03333
690 1 1.73333
691 1 1.6
692 1 1.43333
693 1 1.63333
694 1 1.63333
695 1 1.43333
696 1 1.3
697 1 1.66667
698 1 1.33333
699 1 1.63333
700 1 1.6
701 1 1.26667
702 1 1.76667
703 1 1.46667
704 1 1.93333
705 1 1.53333
706 1 1.56667
707 1 1.43333
708 1 1.43333
709 1 1.63333
710 1 1.7
711 1 1.83333
712 1 1.63333
713 1 1.63333
714 1 1.46667
715 1 1.66667
716 1 1.43333
717 1 1.56667
718 1 1.16667
719 1 1.5
720 1 1.23333
721 1 1.76667
722 1 1.6
723 1 1.63333
724 1 1.86667
725 1 1.46667
726 1 1.26667
727 1 1.5
728 1 1.8
729 1 1.6
730 1 1.26667
731 1 1.13333
732 1 1.53333
733 1 1.36667
734 1 1.56667
735 1 1.4
736 1 1.6
737 1 1.6
738 1 1.3
739 1 1.7
740 1 1.3
741 1 1.43333
742 1 1.7
743 1 1.66667
744 1 1.5
745 1 1.6
746 1 1.76667
747 1 1.4
748 1 1.63333
749 1 1.7
750 1 1.43333
751 1 1.1
752 1 1.66667
753 1 1.36667
754 1 1.23333
755 1 1.53333
756 1 1.6
757 1 1.46667
758 1 1.5
759 1 1.53333
760 1 1.36667
761 1 1.7
762 1 1.6
763 1 1.93333
764 1 1.7
765 1 1.6
766 1 1.56667
767 1 1.76667
768 1 1.6
769 1 1.43333
770 1 1.46667
771 1 1.63333
772 1 1.86667
773 1 1.53333
774 1 1.53333
775 1 1.56667
776 1 1.46667
777 1 1.26667
778 1 1.5
779 1 1.93333
780 1 1.73333
781 1 1.36667
782 1 1.66667
783 1 1.4
784 1 1.53333
785 1 1.36667
786 1 1.63333
787 1 1.46667
788 1 1.8
789 0 1.16667
