0 7 10.3333
1 4 8.1
2 3 6.76667
3 3 5.7
4 3 4.73333
5 3 4.46667
6 3 4.4
7 3 4.73333
8 3 4.36667
9 3 4.5
10 3 4.46667
11 3 4.3
12 3 4.03333
13 3 3.26667
14 3 3.3
15 3 3.23333
16 3 3.53333
17 2 3.36667
18 2 3.26667
19 2 2.96667
20 2 2.3
21 2 2.6
22 2 2.5
23 2 2.5
24 2 2.43333
25 2 2.36667
26 2 2.4
27 2 2.66667
28 2 2.46667
29 2 2.5
30 2 2.26667
31 1 2.73333
32 1 2.33333
33 1 2.03333
34 1 2.03333
35 1 1.36667
36 1 1.4
37 1 1.3
38 1 1.36667
39 1 1.2
40 1 1.86667
41 1 1.73333
42 1 1.5
43 1 1.6
44 1 1.53333
45 1 1.86667
46 1 1.66667
47 1 1.76667
48 1 1.4
49 1 1.26667
50 1 1.6
51 1 1.9
52 1 1.5
53 1 1.5
54 1 1.66667
55 1 1.5
56 1 1.83333
57 1 1.4
58 1 1.56667
59 1 1.56667
60 1 1.46667
61 1 1.23333
62 1 1.46667
63 1 1.26667
64 1 1.36667
65 1 1.4
66 1 1.5
67 1 1.4
68 1 1.33333
69 1 1.73333
70 1 1.63333
71 1 1.46667
72 1 1.1
73 1 1.6
74 1 1.5
75 1 1.16667
76 1 1.33333
77 1 1.36667
78 1 1.66667
79 1 1.43333
80 1 1.33333
81 1 1.46667
82 1 1.5
83 1 1.53333
84 1 1.66667
85 1 1.6
86 1 1.8
87 1 1.46667
88 1 1.4
89 1 1.76667
90 1 1.43333
91 1 1.3
92 1 1.36667
93 1 1.3
94 1 1.5
95 1 1.43333
96 1 1.3
97 1 1.53333
98 1 1.53333
99 1 1.46667
100 1 1.5
101 1 1.26667
102 1 1.36667
103 1 1.76667
104 1 1.26667
105 1 1.56667
106 1 1.4
107 1 1.33333
108 1 1.5
109 1 1.53333
110 1 1.5
111 1 1.2
112 1 1.56667
113 1 1.66667
114 1 1.76667
115 1 1.56667
116 1 1.4
117 1 1.66667
118 1 1.36667
119 1 1.56667
120 1 1.53333
121 1 1.66667
122 1 1.46667
123 1 1.53333
124 1 1.66667
125 1 1.56667
126 1 1.23333
127 1 1.9
128 1 1.6
129 1 1.7
130 1 1.33333
131 1 1.56667
132 1 1.6
133 1 1.43333
134 1 1.4
135 1 1.4
136 1 1.7
137 1 1.8
138 1 1.46667
139 1 1.3
140 1 1.66667
141 1 1.33333
142 1 1.43333
143 1 1.6
144 1 1.4
145 1 1.33333
146 1 1.43333
147 1 1.5
148 1 1.6
149 1 1.4
150 1 1.53333
151 1 1.36667
152 1 1.46667
153 1 1.33333
154 1 1.36667
155 1 2.1
156 1 1.5
157 1 1.53333
158 1 1.6
159 1 1.66667
160 1 1.96667
161 1 1.73333
162 1 1.56667
163 1 1.66667
164 1 1.4
165 1 1.46667
166 1 1.46667
167 1 1.43333
168 1 1.23333
169 1 1.3
170 1 1.26667
171 1 1.66667
172 1 1.4
173 1 2.1
174 1 1.73333
175 1 1.7
176 1 1.53333
177 1 1.6
178 1 1.2
179 1 1.6
180 1 1.23333
181 1 1.56667
182 1 1.46667
183 1 1.43333
184 1 1.76667
185 1 1.63333
186 1 1.66667
187 1 1.63333
188 1 1.6
189 1 1.56667
190 1 1.46667
191 1 1.63333
192 1 1.66667
193 1 1.63333
194 1 1.56667
195 1 1.7
196 1 1.63333
197 1 1.23333
198 1 1.6
199 1 1.3
200 1 1.53333
201 1 1.56667
202 1 1.63333
203 1 1.43333
204 1 1.73333
205 1 1.66667
206 1 1.23333
207 1 1.66667
208 1 1.43333
209 1 1.6
210 1 1.56667
211 1 1.66667
212 1 1.6
213 1 1.6
214 1 1.86667
215 1 1.73333
216 1 1.63333
217 1 1.26667
218 1 1.6
219 1 1.56667
220 1 1.33333
221 1 1.26667
222 1 1.6
223 1 1.16667
224 1 1.43333
225 1 1.33333
226 1 1.63333
227 1 1.7
228 1 1.36667
229 1 1.56667
230 1 1.7
231 1 1.5
232 1 1.56667
233 1 1.43333
234 1 1.56667
235 1 1.4
236 1 1.46667
237 1 1.83333
238 1 1.4
239 1 1.46667
240 1 1.53333
241 1 1.4
242 1 1.66667
243 1 1.56667
244 1 1.46667
245 1 1.63333
246 1 1.8
247 1 1.63333
248 1 1.2
249 1 1.36667
250 1 1.43333
251 1 1.46667
252 1 1.63333
253 1 1.83333
254 1 1.26667
255 1 1.6
256 1 1.7
257 1 1.23333
258 1 1.5
259 1 1.73333
260 1 1.36667
261 1 1.33333
262 1 1.73333
263 1 1.53333
264 1 1.56667
265 1 1.53333
266 1 1.66667
267 1 1.73333
268 1 1.43333
269 1 1.56667
270 1 1.46667
271 1 1.46667
272 1 1.3
273 1 1.63333
274 1 1.7
275 1 1.63333
276 1 1.5
277 1 1.26667
278 1 1.56667
279 1 1.63333
280 1 1.5
281 1 1.6
282 1 1.46667
283 1 1.46667
284 1 1.53333
285 1 1.56667
286 1 1.6
287 1 1.76667
288 1 1.73333
289 1 1.36667
290 1 1.46667
291 1 1.93333
292 1 1.63333
293 1 1.26667
294 1 1.73333
295 1 1.66667
296 1 2
297 1 1.63333
298 1 1.73333
299 1 1.4
300 1 1.66667
301 1 1.43333
302 1 1.56667
303 1 1.56667
304 1 1.56667
305 1 1.6
306 1 1.5
307 1 1.6
308 1 1.5
309 1 1.2
310 1 1.6
311 1 1.66667
312 1 1.46667
313 1 1.53333
314 1 1.43333
315 1 1.7
316 1 1.6
317 1 1.66667
318 1 1.43333
319 1 1.7
320 1 1.56667
321 1 1.7
322 1 1.7
323 1 1.5
324 1 1.6
325 1 1.23333
326 1 1.56667
327 1 1.36667
328 1 1.6
329 1 1.5
330 1 1.6
331 1 1.73333
332 1 1.36667
333 1 1.4
334 1 1.96667
335 1 1.43333
336 1 1.33333
337 1 1.23333
338 1 1.53333
339 1 1.63333
340 1 1.73333
341 1 1.8
342 1 1.5
343 1 1.6
344 1 1.46667
345 1 1.7
346 1 1.53333
347 1 1.53333
348 1 1.53333
349 1 1.5
350 1 1.4
351 1 1.56667
352 1 1.6
353 1 1.36667
354 1 1.63333
355 1 1.46667
356 1 1.96667
357 1 1.56667
358 1 1.5
359 1 1.7
360 1 1.43333
361 1 1.46667
362 1 1.4
363 1 1.56667
364 1 1.56667
365 1 1.73333
366 1 1.63333
367 1 1.8
368 1 1.6
369 1 1.36667
370 1 1.63333
371 1 1.53333
372 1 1.23333
373 1 1.5
374 1 1.46667
375 1 1.66667
376 1 1.76667
377 1 1.73333
378 1 1.43333
379 1 1.6
380 1 1.83333
381 1 1.93333
382 1 1.46667
383 1 1.23333
384 1 1.76667
385 1 1.33333
386 1 1.7
387 1 1.53333
388 1 1.5
389 1 1.5
390 1 1.6
391 1 1.26667
392 1 1.5
393 1 1.5
394 1 1.36667
395 1 1.8
396 1 1.6
397 1 1.86667
398 1 1.56667
399 1 1.63333
400 1 1.33333
401 1 1.66667
402 1 1.56667
403 1 1.43333
404 1 1.26667
405 1 1.53333
406 1 1.6
407 1 1.46667
408 1 1.76667
409 1 1.23333
410 1 1.26667
411 1 1.73333
412 1 1.46667
413 1 1.56667
414 1 1.6
415 1 1.76667
416 1 1.4
417 1 1.46667
418 1 1.43333
419 1 1.83333
420 1 1.53333
421 1 1.46667
422 1 1.63333
423 1 1.73333
424 1 1.6
425 1 1.5
426 1 1.56667
427 1 1.16667
428 1 1.66667
429 1 1.36667
430 1 1.7
431 1 1.4
432 1 1.5
433 1 1.63333
434 1 1.46667
435 1 1.7
436 1 1.2
437 1 1.76667
438 1 1.93333
439 1 1.46667
440 1 1.53333
441 1 1.36667
442 1 1.26667
443 1 1.9
444 1 1.46667
445 1 1.4
446 1 2.16667
447 1 1.43333
448 1 1.36667
449 1 1.26667
450 1 1.56667
451 1 1.5
452 1 1.43333
453 1 1.3
454 1 1.36667
455 1 1.53333
456 1 1.43333
457 1 1.56667
458 1 1.43333
459 1 1.4
460 1 1.4
461 1 1.16667
462 1 1.33333
463 1 1.53333
464 1 2.16667
465 1 1.46667
466 1 1.33333
467 1 1.6
468 1 1.43333
469 1 1.3
470 1 1.66667
471 1 1.46667
472 1 1.73333
473 1 1.26667
474 1 1.53333
475 1 1.36667
476 1 1.46667
477 1 1.8
478 1 1.56667
479 1 1.43333
480 1 1.73333
481 1 1.4
482 1 1.53333
483 1 1.66667
484 1 1.7
485 1 1.86667
486 1 1.5
487 1 1.3
488 1 1.53333
489 1 1.53333
490 1 1.66667
491 1 1.6
492 1 1.66667
493 1 1.5
494 1 1.5
495 1 1.4
496 1 1.3
497 1 1.46667
498 1 1.6
499 1 1.9
500 1 1.53333
501 1 1.2
502 1 1.6
503 1 1.46667
504 1 1.7
505 1 1.3
506 1 1.73333
507 1 1.56667
508 1 1.5
509 1 1.9
510 1 1.33333
511 1 1.36667
512 1 1.4
513 1 1.66667
514 1 1.56667
515 1 1.7
516 1 1.5
517 1 1.5
518 1 1.3
519 1 1.5
520 1 1.5
521 1 1.83333
522 1 1.53333
523 1 1.66667
524 1 1.56667
525 1 1.56667
526 1 1.33333
527 1 1.4
528 1 1.66667
529 1 1.4
530 1 1.2
531 1 1.43333
532 1 1.4
533 1 1.63333
534 1 1.63333
535 1 1.7
536 1 1.73333
537 1 1.46667
538 1 1.6
539 1 1.53333
540 1 1.7
541 1 1.36667
542 1 1.43333
543 1 1.66667
544 1 1.33333
545 1 1.2
546 1 1.4
547 1 1.56667
548 1 1.7
549 1 1.76667
550 1 1.73333
551 1 1.6
552 1 1.8
553 1 1.76667
554 1 1.56667
555 1 1.7
556 1 1.96667
557 1 1.56667
558 1 1.4
559 1 1.6
560 1 1.6
561 1 1.73333
562 1 1.7
563 1 1.9
564 1 1.33333
565 1 1.33333
566 1 1.7
567 1 1.63333
568 1 1.9
569 1 1.43333
570 1 1.53333
571 1 1.46667
572 1 1.53333
573 1 1.96667
574 1 1.16667
575 1 1.33333
576 1 1.43333
577 1 1.5
578 1 1.53333
579 1 1.43333
580 1 1.66667
581 1 1.46667
582 1 1.36667
583 1 1.43333
584 1 1.46667
585 1 1.56667
586 1 1.73333
587 1 1.6
588 1 1.4
589 1 1.2
590 1 2.1
591 1 1.53333
592 1 1.66667
593 1 1.43333
594 1 1.7
595 1 1.43333
596 1 1.6
597 1 1.46667
598 1 1.53333
599 1 1.43333
600 1 1.6
601 1 1.56667
602 1 1.43333
603 1 1.36667
604 1 1.4
605 1 1.23333
606 1 1.36667
607 1 1.4
608 1 1.93333
609 1 1.53333
610 1 1.5
611 1 1.8
612 1 1.73333
613 1 1.5
614 1 1.36667
615 1 1.66667
616 1 1.5
617 1 1.56667
618 1 1.53333
619 1 1.76667
620 1 1.83333
621 1 1.33333
622 1 1.33333
623 1 1.46667
624 1 1.6
625 1 1.46667
626 1 1.76667
627 1 1.6
628 1 1.73333
629 1 1.36667
630 1 1.63333
631 1 1.63333
632 1 1.36667
633 1 1.36667
634 1 1.43333
635 1 1.53333
636 1 1.8
637 1 1.3
638 1 1.56667
639 1 1.36667
640 1 1.46667
641 1 1.46667
642 1 1.36667
643 1 1.36667
644 1 1.76667
645 1 1.5
646 1 1.43333
647 1 1.4
648 1 1.6
649 1 1.7
650 1 1.56667
651 1 1.43333
652 1 1.46667
653 1 1.76667
654 1 1.4
655 1 1.73333
656 1 1.56667
657 1 1.26667
658 1 1.33333
659 1 1.43333
660 1 1.33333
661 1 1.43333
662 1 1.86667
663 1 1.63333
664 1 1.4
665 1 1.4
666 1 1.6
667 1 1.33333
668 1 1.7
669 1 1.36667
670 1 1.66667
671 1 1.36667
672 1 1.76667
673 1 1.33333
674 1 1.16667
675 1 1.6
676 1 1.5
677 1 1.43333
678 1 1.43333
679 1 1.56667
680 1 1.6
681 1 1.7
682 1 1.76667
683 1 1.36667
684 1 1.46667
685 1 1.23333
686 1 1.63333
687 1 1.4
688 1 1.33333
689 1 1.63333
690 1 1.1
691 1 1.6
692 1 1.43333
693 1 1.8
694 1 1.63333
695 1 1.36667
696 1 1.66667
697 1 1.46667
698 1 1.5
699 1 1.53333
700 1 1.76667
701 1 1.3
702 1 1.93333
703 1 1.36667
704 1 1.4
705 1 1.46667
706 1 1.43333
707 1 1.26667
708 1 1.53333
709 1 1.36667
710 1 1.46667
711 1 1.36667
712 1 1.86667
713 1 1.7
714 1 2.06667
715 1 1.56667
716 1 1.76667
717 1 1.3
718 1 1.3
719 1 1.53333
720 1 1.4
721 1 1.7
722 1 1.33333
723 1 1.46667
724 1 1.4
725 1 1.73333
726 1 1.33333
727 1 1.3
728 1 1.33333
729 1 1.6
730 1 1.66667
731 1 1.4
732 1 1.76667
733 1 1.6
734 1 1.13333
735 1 1.4
736 1 1.56667
737 1 1.26667
738 1 1.66667
739 1 1.36667
740 1 1
741 1 1.43333
742 1 1.36667
743 1 1.56667
744 1 1.63333
745 1 1.43333
746 1 1.4
747 1 1.1
748 1 1.26667
749 1 1.5
750 1 1.16667
751 1 1.43333
752 1 1.46667
753 1 1.5
754 1 1.7
755 1 1.86667
756 1 1.76667
757 1 1.76667
758 1 1.7
759 1 1.73333
760 1 1.26667
761 1 1.83333
762 1 1.5
763 1 1.63333
764 1 1.5
765 1 1.76667
766 1 1.66667
767 1 1.5
768 1 1.46667
769 1 1.53333
770 1 1.53333
771 1 1.5
772 1 1.5
773 1 1.4
774 1 1.6
775 1 1.6
776 1 1.43333
777 1 1.23333
778 1 1.56667
779 1 1.63333
780 1 1.63333
781 1 1.53333
782 1 1.66667
783 1 1.56667
784 1 1.5
785 1 1.7
786 1 1.53333
787 1 1.2
788 1 1.56667
789 1 1.53333
790 1 1.53333
791 1 1.73333
792 1 1.7
793 1 1.36667
794 1 1.63333
795 1 1.4
796 1 1.56667
797 1 1.5
798 1 1.33333
799 1 1.4
800 1 1.6
801 1 1.56667
802 1 1.76667
803 1 1.66667
804 1 1.83333
805 1 1.6
806 1 1.66667
807 1 1.5
808 1 1.66667
809 1 1.26667
810 1 1.83333
811 1 1.7
812 1 1.63333
813 1 1.36667
814 1 1.6
815 1 1.26667
816 1 1.43333
817 1 1.66667
818 1 1.43333
819 1 1.93333
820 1 1.5
821 1 1.7
822 1 1.73333
823 1 1.73333
824 1 1.63333
825 1 1.73333
826 1 1.6
827 1 1.73333
828 1 1.4
829 1 1.43333
830 1 1.73333
831 1 1.7
832 1 1.46667
833 1 1.3
834 1 1.4
835 1 1.33333
836 1 1.66667
837 1 1.33333
838 1 1.66667
839 1 1.8
840 1 1.46667
841 1 1.66667
842 1 1.5
843 1 1.83333
844 1 1.66667
845 1 1.96667
846 1 1.56667
847 1 1.4
848 1 1.73333
849 1 1.76667
850 1 1.9
851 1 1.4
852 1 1.36667
853 1 1.6
854 1 1.56667
855 1 1.53333
856 1 1.43333
857 1 1.4
858 1 1.53333
859 1 1.53333
860 1 1.76667
861 1 1.7
862 1 1.36667
863 1 1.5
864 1 1.33333
865 1 1.63333
866 1 1.66667
867 1 1.5
868 1 1.6
869 1 1.9
870 1 1.4
871 1 1.5
872 1 1.6
873 1 1.53333
874 1 1.6
875 1 1.4
876 1 1.5
877 1 1.36667
878 1 1.8
879 1 1.46667
880 1 1.76667
881 1 1.2
882 1 1.33333
883 1 1.26667
884 1 1.56667
885 1 2.13333
886 1 1.43333
887 1 1.4
888 1 1.46667
889 1 1.53333
890 1 2
891 1 1.43333
892 1 1.3
893 1 1.23333
894 1 1.66667
895 1 1.56667
896 1 1.4
897 1 1.3
898 1 1.46667
899 1 1.7
900 1 1.56667
901 1 1.8
902 1 1.36667
903 1 1.83333
904 1 1.53333
905 1 1.4
906 1 1.43333
907 1 1.4
908 1 1.43333
909 1 1.63333
910 1 1.7
911 1 1.13333
912 1 1.43333
913 1 1.86667
914 1 1.46667
915 1 1.53333
916 1 1.56667
917 1 1.76667
918 1 1.43333
919 1 1.63333
920 1 1.7
921 1 1.5
922 1 1.63333
923 1 1.46667
924 1 1.5
925 1 1.46667
926 1 1.2
927 1 1.5
928 1 1.23333
929 1 1.63333
930 1 1.56667
931 1 1.53333
932 1 1.56667
933 1 1.23333
934 1 1.06667
935 1 1.43333
936 1 1.33333
937 1 1.73333
938 1 1.4
939 1 1.6
940 1 1.73333
941 1 1.4
942 1 1.46667
943 1 1.46667
944 1 1.53333
945 1 1.76667
946 1 1.26667
947 1 1.2
948 1 1.96667
949 1 1.33333
950 1 1.63333
951 1 1.2
952 1 1.5
953 1 1.43333
954 1 1.66667
955 1 1.73333
956 1 1.73333
957 1 1.43333
958 1 1.66667
959 1 1.63333
960 1 1.4
961 1 1.36667
962 1 1.76667
963 1 1.5
964 1 1
965 1 1.33333
966 1 1.4
967 1 1.7
968 1 1.53333
969 1 1.66667
970 1 1.63333
971 1 1.93333
972 1 1.4
973 1 1.4
974 1 1.73333
975 1 1.4
976 1 1.56667
977 1 1.8
978 1 1.4
979 1 1.63333
980 1 1.46667
981 1 1.36667
982 1 1.56667
983 1 1.43333
984 1 1.63333
985 1 1.96667
986 1 1.3
987 1 1.46667
988 1 1.7
989 1 1.5
990 1 1.66667
991 1 1.56667
992 1 1.66667
993 1 1.4
994 1 1.46667
995 1 1.6
996 1 1.36667
997 1 1.56667
998 1 1.13333
999 1 1.36667
1000 1 1.56667
1001 1 1.7
1002 1 1.53333
1003 1 1.8
1004 1 1.43333
1005 1 1.7
1006 1 1.3
1007 1 1.3
1008 1 1.3
1009 1 1.5
1010 1 1.66667
1011 1 1.4
1012 1 1.36667
1013 1 1.4
1014 1 1.53333
1015 1 1.86667
1016 1 1.6
1017 1 1.4
1018 1 1.56667
1019 1 1.4
1020 1 1.5
1021 1 1.5
1022 1 1.43333
1023 1 1.8
1024 1 1.33333
1025 1 1.6
1026 1 1.4
1027 1 1.53333
1028 1 1.7
1029 1 1.5
1030 1 1.73333
1031 1 1.56667
1032 1 1.8
1033 1 1.76667
1034 1 1.4
1035 1 1.46667
1036 1 1.73333
1037 1 1.5
1038 1 1.66667
1039 1 1.46667
1040 1 1.8
1041 1 1.5
1042 1 1.6
1043 1 1.16667
1044 1 1.46667
1045 1 1.43333
1046 1 1.73333
1047 1 1.76667
1048 1 1.7
1049 1 1.7
1050 1 1.53333
1051 1 1.56667
1052 1 1.5
1053 1 1.3
1054 1 1.73333
1055 1 1.86667
1056 1 1.36667
1057 1 1.46667
1058 1 1.93333
1059 1 1.86667
1060 1 1.46667
1061 1 1.56667
1062 1 1.93333
1063 1 1.53333
1064 1 1.46667
1065 1 1.26667
1066 1 1.56667
1067 1 1.46667
1068 1 1.6
1069 1 1.46667
1070 1 1.6
1071 1 1.5
1072 1 1.43333
1073 1 1.43333
1074 1 1.8
1075 1 1.56667
1076 1 1.33333
1077 1 1.46667
1078 1 1.6
1079 1 1.46667
1080 1 1.4
1081 1 1.53333
1082 1 1.73333
1083 1 1.46667
1084 1 1.5
1085 1 1.4
1086 1 1.43333
1087 1 1.43333
1088 1 1.6
1089 1 1.46667
1090 1 1.63333
1091 1 1.3
1092 1 1.36667
1093 1 1.3
1094 1 1.46667
1095 1 1.53333
1096 1 1.73333
1097 1 1.53333
1098 1 1.23333
1099 1 1.2
1100 1 1.46667
1101 1 1.3
1102 1 1.43333
1103 1 1.53333
1104 1 1.16667
1105 1 1.8
1106 1 1.56667
1107 1 2.03333
1108 1 1.73333
1109 1 1.73333
1110 1 1.53333
1111 1 2.03333
1112 1 1.63333
1113 1 1.56667
1114 1 1.4
1115 1 1.53333
1116 1 1.43333
1117 1 1.7
1118 1 1.66667
1119 1 1.5
1120 1 1.43333
1121 1 1.6
1122 1 1.46667
1123 1 1.6
1124 1 1.6
1125 1 1.9
1126 1 1.66667
1127 1 1.66667
1128 1 1.33333
1129 1 1.3
1130 1 1.43333
1131 1 1.4
1132 1 1.73333
1133 1 1.9
1134 1 1.6
1135 1 1.5
1136 1 1.46667
1137 1 1.8
1138 1 1.63333
1139 1 1.33333
1140 1 1.6
1141 1 1.8
1142 1 1.43333
1143 1 1.76667
1144 1 1.56667
1145 1 1.66667
1146 1 1.43333
1147 1 1.4
1148 1 1.33333
1149 1 1.46667
1150 1 1.3
1151 1 1.53333
1152 1 1.56667
1153 1 1.86667
1154 1 1.33333
1155 1 1.6
1156 1 1.43333
1157 1 1.66667
1158 1 2.1
1159 1 1.56667
1160 1 1.56667
1161 1 1.36667
1162 1 1.56667
1163 1 1.5
1164 1 1.6
1165 1 1.2
1166 1 1.83333
1167 1 1.4
1168 1 1.5
1169 1 1.43333
1170 1 1.63333
1171 1 1.46667
1172 1 1.46667
1173 1 1.36667
1174 1 1.33333
1175 1 1.43333
1176 1 1.4
1177 1 1.56667
1178 1 1.5
1179 1 1.4
1180 1 1.56667
1181 1 1.36667
1182 1 1.26667
1183 1 1.66667
1184 1 1.6
1185 1 1.6
1186 1 1.73333
1187 1 1.43333
1188 1 1.43333
1189 1 1.56667
1190 1 1.4
1191 1 1.36667
1192 1 1.4
1193 1 1.36667
1194 1 1.7
1195 1 1.8
1196 1 1.7
1197 1 1.6
1198 1 1.3
1199 1 1.3
1200 1 1.46667
1201 1 1.83333
1202 1 1.53333
1203 1 1.5
1204 1 1.86667
1205 1 1.26667
1206 1 1.66667
1207 1 1.36667
1208 1 1.66667
1209 1 1.5
1210 1 1.73333
1211 1 1.43333
1212 1 1.43333
1213 1 1.36667
1214 1 1.8
1215 1 1.3
1216 1 1.56667
1217 1 1.53333
1218 1 1.7
1219 1 1.56667
1220 1 1.4
1221 1 1.46667
1222 1 1.63333
1223 1 1.73333
1224 1 1.3
1225 1 1.3
1226 1 1.56667
1227 1 1.33333
1228 1 1.26667
1229 1 1.63333
1230 1 1.73333
1231 1 1.43333
1232 1 1.83333
1233 1 1.66667
1234 1 1.53333
1235 1 1.4
1236 1 1.46667
1237 1 1.3
1238 1 1.6
1239 1 1.8
1240 1 1.4
1241 1 1.63333
1242 1 1.4
1243 1 1.8
1244 1 1.56667
1245 1 1.63333
1246 1 1.4
1247 1 1.7
1248 1 1.53333
1249 1 1.53333
1250 1 1.8
1251 1 1.53333
1252 1 1.36667
1253 1 1.46667
1254 1 1.9
1255 1 1.26667
1256 1 1.36667
1257 1 1.4
1258 1 1.8
1259 1 1.6
1260 1 1.83333
1261 1 1.63333
1262 1 1.5
1263 1 1.7
1264 1 1.8
1265 1 1.36667
1266 1 1.66667
1267 1 1.46667
1268 1 1.2
1269 1 1.46667
1270 1 1.5
1271 1 1.33333
1272 1 1.53333
1273 1 1.43333
1274 1 1.73333
1275 1 1.36667
1276 1 1.26667
1277 1 1.9
1278 1 1.33333
1279 1 1.63333
1280 1 1.43333
1281 1 1.5
1282 1 1.36667
1283 1 1.53333
1284 1 1.33333
1285 1 1.66667
1286 1 1.76667
1287 1 1.66667
1288 1 1.83333
1289 1 1.56667
1290 1 1.6
1291 1 1.6
1292 1 1.3
1293 1 1.8
1294 1 1.4
1295 1 1.6
1296 1 1.73333
1297 1 2
1298 1 1.46667
1299 1 1.83333
1300 1 1.43333
1301 1 1.73333
1302 1 1.76667
1303 1 1.86667
1304 1 1.43333
1305 1 1.6
1306 1 1.43333
1307 1 1.36667
1308 1 1.33333
1309 1 1.6
1310 1 1.4
1311 1 1.7
1312 1 1.53333
1313 1 1.36667
1314 1 1.56667
1315 1 1.4
1316 1 1.5
1317 1 1.63333
1318 1 1.5
1319 1 1.53333
1320 1 1.5
1321 1 1.63333
1322 1 1.36667
1323 1 1.6
1324 1 1.56667
1325 1 1.83333
1326 1 1.56667
1327 1 1.5
1328 1 1.53333
1329 1 1.63333
1330 1 1.4
1331 1 1.26667
1332 1 1.5
1333 1 1.43333
1334 1 1.33333
1335 1 1.63333
1336 1 1.3
1337 1 1.53333
1338 1 1.8
1339 1 1.56667
1340 1 1.26667
1341 1 1.53333
1342 1 1.56667
1343 1 1.43333
1344 1 1.83333
1345 1 1.4
1346 1 1.53333
1347 1 1.56667
1348 1 1.5
1349 1 1.53333
1350 1 1.46667
1351 1 1.53333
1352 1 1.6
1353 1 1.43333
1354 1 1.73333
1355 1 1.53333
1356 1 1.36667
1357 1 1.63333
1358 1 1.5
1359 1 1.3
1360 1 1.53333
1361 1 1.4
1362 1 1.36667
1363 1 1.6
1364 1 1.56667
1365 1 1.63333
1366 1 1.33333
1367 1 1.4
1368 1 1.7
1369 1 1.4
1370 1 1.7
1371 1 1.46667
1372 1 1.43333
1373 1 1.23333
1374 1 1.7
1375 1 1.7
1376 1 1.66667
1377 1 1.46667
1378 1 1.3
1379 1 1.4
1380 1 1.33333
1381 1 1.13333
1382 1 1.4
1383 1 1.53333
1384 1 1.26667
1385 1 1.9
1386 1 1.53333
1387 1 1.86667
1388 1 1.63333
1389 1 1.43333
1390 1 1.33333
1391 1 1.6
1392 1 1.43333
1393 1 1.7
1394 1 1.7
1395 1 1.63333
1396 1 1.63333
1397 1 1.63333
1398 1 1.86667
1399 1 1.43333
1400 1 1.4
1401 1 1.36667
1402 1 1.6
1403 1 1.53333
1404 1 1.8
1405 1 1.56667
1406 1 1.7
1407 1 1.36667
1408 1 1.66667
1409 1 1.43333
1410 1 1.4
1411 1 1.43333
1412 1 1.93333
1413 1 1.6
1414 1 1.83333
1415 1 1.56667
1416 1 1.4
1417 1 1.63333
1418 1 1.26667
1419 1 1.7
1420 1 1.43333
1421 1 1.93333
1422 1 1.43333
1423 1 1.66667
1424 1 1.56667
1425 1 1.1
1426 1 1.33333
1427 1 1.53333
1428 1 1.56667
1429 1 1.36667
1430 1 1.86667
1431 1 1.6
1432 1 1.66667
1433 1 1.73333
1434 1 1.4
1435 1 1.73333
1436 1 1.4
1437 1 1.43333
1438 1 1.43333
1439 1 1.3
1440 1 1.56667
1441 1 1.8
1442 1 1.33333
1443 1 1.33333
1444 1 1.43333
1445 1 1.6
1446 1 1.56667
1447 1 1.63333
1448 1 1.53333
1449 1 1.53333
1450 1 1.46667
1451 1 1.43333
1452 1 1.53333
1453 1 1.5
1454 1 1.63333
1455 1 1.63333
1456 1 1.43333
1457 1 1.53333
1458 1 1.53333
1459 1 1.4
1460 1 1.76667
1461 1 1.5
1462 1 1.5
1463 1 1.53333
1464 1 1.6
1465 1 1.33333
1466 1 1.43333
1467 1 1.86667
1468 1 1.73333
1469 1 1.9
1470 1 1.76667
1471 1 2
1472 1 1.56667
1473 1 1.2
1474 1 1.66667
1475 1 1.46667
1476 1 1.43333
1477 1 1.66667
1478 1 1.4
1479 1 1.83333
1480 1 1.83333
1481 1 1.4
1482 1 1.63333
1483 1 1.63333
1484 1 1.53333
1485 1 1.56667
1486 1 1.3
1487 1 1.8
1488 1 1.63333
1489 1 1.3
1490 1 1.33333
1491 1 1.73333
1492 1 1.73333
1493 1 1.36667
1494 1 1.63333
1495 1 1.3
1496 1 1.56667
1497 1 1.8
1498 1 1.63333
1499 1 1.56667
1500 1 1.7
1501 1 1.43333
1502 1 1.43333
1503 1 1.4
1504 1 1.3
1505 1 1.43333
1506 1 1.46667
1507 1 1.56667
1508 1 1.26667
1509 1 1.6
1510 1 1.2
1511 1 1.86667
1512 1 1.53333
1513 1 1.6
1514 1 1.53333
1515 1 1.83333
1516 1 1.7
1517 1 1.43333
1518 1 1.8
1519 1 1.83333
1520 1 1.33333
1521 1 1.4
1522 1 1.73333
1523 1 1.53333
1524 1 1.6
1525 1 1.76667
1526 1 1.76667
1527 1 1.66667
1528 1 1.53333
1529 1 1.6
1530 1 1.6
1531 1 1.63333
1532 1 1.46667
1533 1 2.03333
1534 1 1.43333
1535 1 1.56667
1536 1 1.73333
1537 1 1.26667
1538 1 1.46667
1539 1 1.7
1540 1 1.9
1541 1 1.4
1542 1 1.53333
1543 1 1.53333
1544 1 1.8
1545 1 1.83333
1546 1 1.66667
1547 1 1.76667
1548 1 1.3
1549 1 1.73333
1550 1 1.23333
1551 1 1.2
1552 1 1.46667
1553 1 1.4
1554 1 1.46667
1555 1 1.66667
1556 1 1.23333
1557 1 1.3
1558 1 1.53333
1559 1 1.16667
1560 1 1.46667
1561 1 1.76667
1562 1 1.56667
1563 1 1.36667
1564 1 1.83333
1565 1 1.7
1566 1 1.63333
1567 1 1.76667
1568 1 1.5
1569 1 1.43333
1570 1 1.4
1571 1 1.53333
1572 1 1.6
1573 1 1.73333
1574 1 1.66667
1575 1 1.36667
1576 1 1.3
1577 1 1.63333
1578 1 1.5
1579 1 1.76667
1580 1 1.9
1581 1 1.53333
1582 1 1.7
1583 1 1.66667
1584 1 1.43333
1585 1 1.76667
1586 1 1.63333
1587 1 1.26667
1588 1 1.46667
1589 1 1.4
1590 1 1.76667
1591 1 1.4
1592 1 1.53333
1593 1 1.6
1594 1 1.6
1595 1 1.66667
1596 1 1.5
1597 1 1.56667
1598 1 1.53333
1599 1 1.56667
1600 1 1.56667
1601 1 1.23333
1602 1 1.33333
1603 1 1.63333
1604 1 1.6
1605 1 1.56667
1606 1 1.33333
1607 1 1.53333
1608 1 1.4
1609 1 1.56667
1610 1 1.7
1611 1 2.03333
1612 1 1.4
1613 1 1.3
1614 1 1.56667
1615 1 1.36667
1616 1 1.6
1617 1 1.56667
1618 1 1.66667
1619 1 1.46667
1620 1 1.4
1621 1 1.76667
1622 1 1.63333
1623 1 1.8
1624 1 1.23333
1625 1 1.53333
1626 1 1.63333
1627 1 1.7
1628 1 2.53333
1629 1 1.56667
1630 1 1.33333
1631 1 1.33333
1632 1 1.5
1633 1 1.43333
1634 1 1.53333
1635 1 1.83333
1636 1 1.56667
1637 1 1.26667
1638 1 1.33333
1639 1 1.43333
1640 1 1.23333
1641 1 1.53333
1642 1 1.13333
1643 1 1.53333
1644 1 1.43333
1645 1 1.56667
1646 1 1.43333
1647 1 1.3
1648 1 1.6
1649 1 1.5
1650 1 1.3
1651 1 1.4
1652 1 1.5
1653 1 1.8
1654 1 1.8
1655 1 1.46667
1656 1 1.23333
1657 1 1.5
1658 1 1.4
1659 1 1.73333
1660 1 1.66667
1661 1 1.56667
1662 1 1.66667
1663 1 1.8
1664 1 1.6
1665 1 1.46667
1666 1 1.86667
1667 1 2.16667
1668 1 1.83333
1669 1 1.66667
1670 1 1.46667
1671 1 1.6
1672 1 1.6
1673 1 1.6
1674 1 1.96667
1675 1 1.46667
1676 1 1.76667
1677 1 1.5
1678 1 1.76667
1679 1 1.46667
1680 1 1.66667
1681 1 1.43333
1682 1 1.6
1683 1 1.13333
1684 1 1.7
1685 1 1.5
1686 1 1.53333
1687 1 1.5
1688 1 1.56667
1689 1 1.1
1690 1 1.66667
1691 1 1.36667
1692 1 1.43333
1693 1 1.4
1694 1 1.5
1695 1 1.76667
1696 1 1.73333
1697 1 1.63333
1698 1 1.66667
1699 1 1.53333
1700 1 1.73333
1701 1 1.4
1702 1 1.6
1703 1 1.26667
1704 1 1.56667
1705 1 1.9
1706 1 1.63333
1707 1 1.76667
1708 1 1.33333
1709 1 1.4
1710 1 1.56667
1711 1 1.53333
1712 1 1.43333
1713 1 1.33333
1714 1 1.3
1715 1 1.76667
1716 1 2
1717 1 1.8
1718 1 1.36667
1719 1 1.66667
1720 1 1.4
1721 1 1.8
1722 1 1.76667
1723 1 1.63333
1724 1 1.56667
1725 1 1.23333
1726 1 1.6
1727 1 1.56667
1728 1 1.86667
1729 1 1.86667
1730 1 1.83333
1731 1 1.7
1732 1 2.26667
1733 1 1.66667
1734 1 1.5
1735 1 1.33333
1736 1 1.66667
1737 1 1.43333
1738 1 1.7
1739 1 1.63333
1740 1 1.83333
1741 1 1.83333
1742 1 1.8
1743 1 1.8
1744 1 1.23333
1745 1 1.9
1746 1 1.7
1747 1 1.56667
1748 1 1.33333
1749 1 1.96667
1750 1 1.66667
1751 1 1.4
1752 1 1.36667
1753 1 1.3
1754 1 1.66667
1755 1 1.76667
1756 1 1.73333
1757 1 1.43333
1758 1 1.63333
1759 1 1.56667
1760 1 1.6
1761 1 1.43333
1762 1 1.4
1763 1 1.83333
1764 1 1.7
1765 1 1.8
1766 1 1.66667
1767 1 1.8
1768 1 1.4
1769 1 1.7
1770 1 1.43333
1771 1 1.6
1772 1 1.6
1773 1 1.5
1774 1 1.4
1775 1 1.3
1776 1 1.4
1777 1 1.53333
1778 1 1.76667
1779 1 1.63333
1780 1 1.56667
1781 1 1.7
1782 1 1.73333
1783 1 2
1784 1 1.36667
1785 1 1.53333
1786 1 1.36667
1787 1 1.46667
1788 1 1.66667
1789 1 1.73333
1790 1 1.3
1791 1 1.43333
1792 1 1.36667
1793 1 1.56667
1794 1 1.46667
1795 1 1.66667
1796 1 1.46667
1797 1 1.73333
1798 1 1.43333
1799 1 1.23333
1800 1 1.43333
1801 1 1.76667
1802 1 1.4
1803 1 1.53333
1804 1 1.6
1805 1 1.56667
1806 1 1.93333
1807 1 1.53333
1808 1 1.3
1809 1 1.56667
1810 1 1.73333
1811 1 1.73333
1812 1 1.8
1813 1 1.3
1814 1 1.8
1815 1 1.63333
1816 1 1.5
1817 1 1.7
1818 1 1.7
1819 1 1.6
1820 1 1.73333
1821 1 1.83333
1822 1 1.63333
1823 1 1.6
1824 1 1.46667
1825 1 1.66667
1826 1 1.76667
1827 1 1.66667
1828 1 1.33333
1829 1 1.9
1830 1 1.36667
1831 1 1.66667
1832 1 1.53333
1833 1 1.5
1834 1 1.43333
1835 1 1.7
1836 1 1.53333
1837 1 1.5
1838 1 1.86667
1839 1 1.5
1840 1 1.46667
1841 1 1.7
1842 1 1.46667
1843 1 1.93333
1844 1 1.16667
1845 1 1.7
1846 1 1.9
1847 1 1.63333
1848 1 1.56667
1849 1 1.6
1850 1 1.66667
1851 1 1.3
1852 1 1.66667
1853 1 1.56667
1854 1 1.3
1855 1 1.63333
1856 1 1.53333
1857 1 1.53333
1858 1 1.73333
1859 1 1.83333
1860 1 1.26667
1861 1 1.2
1862 1 1.33333
1863 1 1.5
1864 1 2
1865 1 1.26667
1866 1 1.63333
1867 1 1.8
1868 1 1.66667
1869 1 1.46667
1870 1 1.83333
1871 1 1.76667
1872 1 1.53333
1873 1 1.5
1874 1 1.7
1875 1 1.63333
1876 1 1.5
1877 1 1.6
1878 1 1.66667
1879 1 1.46667
1880 1 1.6
1881 1 1.73333
1882 1 1.7
1883 1 1.43333
1884 1 1.16667
1885 1 1.16667
1886 1 1.4
1887 1 1.56667
1888 1 1.5
1889 1 1.56667
1890 1 1.5
1891 1 1.73333
1892 1 1.83333
1893 1 1.16667
1894 1 1.93333
1895 1 1.73333
1896 1 1.7
1897 1 1.53333
1898 1 1.13333
1899 1 1.53333
1900 1 1.4
1901 1 1.46667
1902 1 1.8
1903 1 1.9
1904 1 1.36667
1905 1 1.43333
1906 1 1.66667
1907 1 1.4
1908 1 1.7
1909 1 1.43333
1910 1 1.46667
1911 1 1.26667
1912 1 1.8
1913 1 1.63333
1914 1 1.46667
1915 1 1.6
1916 1 1.6
1917 1 1.56667
1918 1 1.63333
1919 1 1.9
1920 1 1.36667
1921 1 1.5
1922 1 1.8
1923 1 1.53333
1924 1 1.36667
1925 1 1.4
1926 1 1.53333
1927 1 1.7
1928 1 1.66667
1929 1 1.66667
1930 1 1.93333
1931 1 1.43333
1932 1 1.26667
1933 1 1.4
1934 1 1.63333
1935 1 1.06667
1936 1 1.56667
1937 1 1.53333
1938 1 1.6
1939 1 1.73333
1940 1 1.53333
1941 1 1.43333
1942 1 1.66667
1943 1 1.33333
1944 1 1.76667
1945 1 1.63333
1946 1 1.5
1947 1 1.66667
1948 1 1.3
1949 1 1.73333
1950 1 1.66667
1951 1 1.5
1952 1 1.43333
1953 1 1.46667
1954 1 1.8
1955 1 1.6
1956 1 1.63333
1957 1 1.63333
1958 1 1.46667
1959 1 1.2
1960 1 1.4
1961 1 1.7
1962 1 1.5
1963 1 1.56667
1964 1 1.83333
1965 1 1.76667
1966 1 1.2
1967 1 1.7
1968 1 1.6
1969 1 1.46667
1970 1 1.4
1971 1 1.43333
1972 1 1.63333
1973 1 1.33333
1974 1 1.46667
1975 1 1.63333
1976 1 1.53333
1977 1 1.56667
1978 1 1.5
1979 1 1.4
1980 1 1.5
1981 1 1.26667
1982 1 1.93333
1983 1 1.7
1984 1 1.7
1985 1 1.5
1986 1 1.63333
1987 1 1.8
1988 1 1.5
1989 1 1.56667
1990 1 1.4
1991 1 1.6
1992 1 1.6
1993 1 1.86667
1994 1 1.93333
1995 1 1.56667
1996 1 1.46667
1997 1 1.63333
1998 1 1.43333
1999 1 2.03333
2000 1 1.83333
