0 7 10.5333
1 5 8.86667
2 5 7.5
3 5 7.56667
4 4 7.2
5 3 5.86667
6 3 5.3
7 3 3.93333
8 3 3.43333
9 3 3.4
10 3 3.5
11 3 3.6
12 3 3.43333
13 3 3.86667
14 3 3.3
15 3 3.33333
16 3 3.43333
17 3 3.46667
18 3 3.8
19 3 3.3
20 3 3.33333
21 3 3.16667
22 2 3.66667
23 2 3.46667
24 2 3.06667
25 2 2.93333
26 2 2.56667
27 2 2.46667
28 2 2.73333
29 2 2.33333
30 2 2.43333
31 2 2.33333
32 2 2.5
33 2 2.73333
34 2 2.8
35 2 2.56667
36 2 2.5
37 2 3.06667
38 2 2.46667
39 2 2.56667
40 2 2.46667
41 2 2.8
42 2 2.23333
43 2 2.63333
44 2 2.26667
45 2 2.6
46 2 2.53333
47 2 2.7
48 2 2.76667
49 2 2.63333
50 2 2.6
51 2 2.46667
52 2 2.23333
53 2 2.53333
54 2 2.5
55 2 2.46667
56 2 2.43333
57 2 2.36667
58 2 2.86667
59 2 2.6
60 2 2.73333
61 2 2.56667
62 2 2.33333
63 2 2.6
64 2 2.63333
65 2 2.53333
66 2 2.06667
67 2 2.86667
68 2 2.53333
69 2 2.63333
70 2 2.6
71 2 2.56667
72 2 2.8
73 2 2.4
74 2 2.73333
75 2 2.26667
76 2 2.7
77 2 2.63333
78 2 2.43333
79 2 2.5
80 2 2.7
81 2 2.73333
82 2 2.96667
83 2 2.63333
84 2 2.23333
85 2 2.3
86 2 2.43333
87 2 2.56667
88 2 2.96667
89 2 3
90 2 2.53333
91 2 2.9
92 2 2.73333
93 2 2.73333
94 2 2.93333
95 2 2.43333
96 2 2.36667
97 2 2.66667
98 2 2.4
99 2 2.36667
100 2 2.56667
101 2 2.66667
102 2 2.2
103 2 2.93333
104 2 2.16667
105 2 2.4
106 2 2.56667
107 2 2.93333
108 2 2.86667
109 2 2.63333
110 2 2.6
111 2 2.3
112 2 2.6
113 2 2.8
114 2 2.6
115 2 3
116 2 2.56667
117 2 2.26667
118 2 2.53333
119 2 2.7
120 2 2.66667
121 2 2.36667
122 2 2.66667
123 2 2.83333
124 2 2.6
125 2 2.23333
126 2 2.43333
127 2 2.53333
128 2 2.53333
129 2 2.86667
130 2 2.6
131 2 2.43333
132 2 2.26667
133 2 2.36667
134 2 2.56667
135 2 2.26667
136 2 2.43333
137 2 2.73333
138 2 2.66667
139 2 2.6
140 2 2.93333
141 2 2.73333
142 2 2.9
143 2 2.76667
144 2 2.8
145 2 2.3
146 2 3.23333
147 2 2.66667
148 2 2.43333
149 2 2.83333
150 2 2.66667
151 2 2.13333
152 2 2.8
153 2 2.33333
154 2 2.33333
155 2 2.93333
156 2 2.3
157 2 2.76667
158 2 2.53333
159 2 2.5
160 2 2.36667
161 2 2.46667
162 2 2.73333
163 2 3.06667
164 2 2.73333
165 2 3
166 2 2.4
167 2 2.26667
168 2 2.8
169 2 2.26667
170 2 2.53333
171 2 2.4
172 2 2.4
173 2 2.73333
174 2 2.53333
175 2 2.4
176 2 2.26667
177 2 2.63333
178 2 2.73333
179 2 2.33333
180 2 2.96667
181 2 3
182 2 2.43333
183 2 2.53333
184 2 2.7
185 2 2.5
186 2 2.33333
187 2 2.36667
188 2 2.36667
189 2 2.7
190 2 3.1
191 2 2.63333
192 2 2.4
193 2 2.53333
194 2 2.93333
195 2 2.33333
196 2 2.16667
197 2 2.56667
198 2 2.36667
199 2 2.63333
200 2 2.4
201 2 2.6
202 2 2.53333
203 2 2.4
204 2 2.6
205 2 2.7
206 2 2.7
207 2 2.76667
208 2 2.83333
209 2 2.86667
210 1 2.56667
211 1 2.23333
212 1 2.1
213 1 1.73333
214 1 2.06667
215 1 1.83333
216 1 1.63333
217 1 1.56667
218 1 1.8
219 1 1.93333
220 1 1.5
221 1 1.33333
222 1 1.63333
223 1 1.76667
224 1 1.56667
225 1 1.2
226 1 1.4
227 1 1.7
228 1 1.86667
229 1 1.73333
230 1 1.73333
231 1 1.36667
232 1 1.66667
233 1 1.6
234 1 1.6
235 1 1.63333
236 1 1.73333
237 1 1.7
238 1 1.43333
239 1 1.66667
240 1 1.63333
241 1 1.63333
242 1 1.53333
243 1 1.53333
244 1 1.33333
245 1 1.6
246 1 1.6
247 1 1.66667
248 1 1.43333
249 1 1.53333
250 1 1.76667
251 1 1.46667
252 1 1.56667
253 1 1.63333
254 1 1.6
255 1 1.66667
256 1 1.36667
257 1 1.63333
258 1 1.53333
259 1 1.63333
260 1 1.5
261 1 1.76667
262 1 1.66667
263 1 1.63333
264 1 1.83333
265 1 1.33333
266 1 1.8
267 1 1.33333
268 1 1.33333
269 1 1.8
270 1 1.6
271 1 1.56667
272 1 1.56667
273 1 1.56667
274 1 1.5
275 1 1.83333
276 1 1.6
277 1 1.5
278 1 1.7
279 1 1.4
280 1 1.43333
281 1 1.4
282 1 1.3
283 1 1.56667
284 1 1.26667
285 1 1.26667
286 1 1.1
287 1 2
288 1 1.53333
289 1 1.93333
290 1 2.13333
291 1 1.56667
292 1 1.2
293 1 1.3
294 1 1.2
295 1 1.36667
296 1 1.4
297 1 1.5
298 1 1.73333
299 1 1.33333
300 1 2
301 1 1.3
302 1 1.63333
303 1 1.56667
304 1 1.73333
305 1 1.73333
306 1 1.56667
307 1 1.43333
308 1 1.73333
309 1 1.6
310 1 1.46667
311 1 1.56667
312 1 1.4
313 1 1.53333
314 1 1.66667
315 1 1.86667
316 1 1.33333
317 1 1.56667
318 1 1.6
319 1 1.33333
320 1 1.4
321 1 1.83333
322 1 1.73333
323 1 1.26667
324 1 1.36667
325 1 1.23333
326 1 1.26667
327 1 1.43333
328 1 1.36667
329 1 1.96667
330 1 1.56667
331 1 1.7
332 1 1.5
333 1 1.53333
334 1 1.56667
335 1 1.53333
336 1 1.53333
337 1 1.66667
338 1 1.76667
339 1 1.23333
340 1 1.5
341 1 1.56667
342 1 1.5
343 1 1.26667
344 1 1.46667
345 1 1.7
346 1 1.63333
347 1 1.4
348 1 1.36667
349 1 1.83333
350 1 1.5
351 1 1.73333
352 1 1.5
353 1 1.86667
354 1 1.7
355 1 1.4
356 1 1.3
357 1 1.46667
358 1 1.3
359 1 1.3
360 1 1.66667
361 1 1.36667
362 1 1.7
363 1 1.7
364 1 1.53333
365 1 1.33333
366 1 1.9
367 1 1.6
368 1 1.43333
369 1 1.43333
370 1 1.33333
371 1 1.33333
372 1 1.33333
373 1 1.43333
374 1 1.23333
375 1 1.86667
376 1 1.4
377 1 1.6
378 1 1.56667
379 1 1.46667
380 1 1.7
381 1 1.36667
382 1 1.43333
383 1 1.66667
384 1 1.5
385 1 1.4
386 1 1.6
387 1 1.3
388 1 1.63333
389 1 1.43333
390 1 1.46667
391 1 1.83333
392 1 1.6
393 1 2.06667
394 1 1.56667
395 1 1.73333
396 1 1.83333
397 1 1.7
398 1 1.53333
399 1 1.46667
400 1 1.76667
401 1 1.56667
402 1 1.66667
403 1 1.33333
404 1 1.83333
405 1 1.53333
406 1 1.53333
407 1 1.63333
408 1 1.53333
409 1 1.6
410 1 1.43333
411 1 1.56667
412 1 1.8
413 1 1.53333
414 1 1.73333
415 1 1.23333
416 1 1.53333
417 1 1.83333
418 1 1.4
419 1 1.6
420 1 1.6
421 1 1.73333
422 1 1.46667
423 1 1.73333
424 1 1.66667
425 1 1.83333
426 1 1.66667
427 1 1.6
428 1 1.6
429 1 1.46667
430 1 1.73333
431 1 1.5
432 1 2
433 1 1.13333
434 1 1.46667
435 1 1.46667
436 1 1.43333
437 1 1.33333
438 1 1.36667
439 1 1.23333
440 1 1.26667
441 1 1.7
442 1 1.56667
443 1 1.63333
444 1 1.53333
445 1 1.43333
446 1 1.76667
447 1 1.56667
448 1 1.56667
449 1 1.56667
450 1 1.53333
451 1 1.76667
452 1 1.46667
453 1 1.33333
454 1 1.53333
455 1 1.76667
456 1 1.66667
457 1 1.46667
458 1 1.53333
459 1 1.93333
460 1 1.43333
461 1 1.33333
462 1 1.63333
463 1 1.36667
464 1 1.36667
465 1 1.56667
466 1 2.03333
467 1 1.56667
468 1 1.9
469 1 1.53333
470 1 1.56667
471 1 1.36667
472 1 1.76667
473 1 1.56667
474 1 1.9
475 1 1.4
476 1 1.66667
477 1 1.5
478 1 1.7
479 1 1.33333
480 1 1.6
481 1 1.63333
482 1 1.7
483 1 1.56667
484 1 1.76667
485 1 1.7
486 1 1.43333
487 1 1.26667
488 1 1.4
489 1 1.6
490 1 1.73333
491 1 1.9
492 1 1.33333
493 1 1.8
494 1 1.46667
495 1 1.73333
496 1 1.53333
497 1 1.26667
498 1 1.86667
499 1 1.4
500 1 1.5
501 1 1.63333
502 1 1.56667
503 1 1.33333
504 1 1.23333
505 1 1.43333
506 1 1.5
507 1 1.93333
508 1 1.7
509 1 1.36667
510 1 2.03333
511 1 1.6
512 1 1.56667
513 1 1.86667
514 1 1.56667
515 1 1.8
516 1 1.46667
517 1 1.83333
518 1 1.56667
519 1 1.7
520 1 1.46667
521 1 2
522 1 1.46667
523 1 1.26667
524 1 1.8
525 1 1.6
526 1 1.56667
527 1 1.53333
528 1 1.5
529 1 1.56667
530 1 1.9
531 1 1.93333
532 1 1.4
533 1 1.63333
534 1 1.56667
535 1 1.56667
536 1 1.86667
537 1 1.66667
538 1 1.7
539 1 1.53333
540 1 1.46667
541 1 1.66667
542 1 1.5
543 1 1.53333
544 1 1.33333
545 1 1.5
546 1 1.6
547 1 1.6
548 1 1.46667
549 1 1.6
550 1 1.36667
551 1 1.63333
552 1 1.8
553 1 1.56667
554 1 1.56667
555 1 1.73333
556 1 1.4
557 1 1.83333
558 1 2.03333
559 1 1.9
560 1 1.63333
561 1 1.56667
562 1 1.66667
563 1 1.8
564 1 1.7
565 1 1.9
566 1 1.53333
567 1 1.43333
568 1 1.46667
569 1 2.06667
570 1 1.33333
571 1 1.4
572 1 1.6
573 1 1.36667
574 1 1.8
575 1 1.4
576 1 1.8
577 1 1.63333
578 1 1.73333
579 1 1.4
580 1 1.83333
581 1 1.6
582 1 1.56667
583 1 1.56667
584 1 1.6
585 1 1.4
586 1 1.5
587 1 1.8
588 1 1.56667
589 1 1.5
590 1 1.7
591 1 1.4
592 1 1.46667
593 1 1.76667
594 1 1.93333
595 1 1.66667
596 1 1.7
597 1 1.66667
598 1 1.73333
599 1 1.5
600 1 1.46667
601 1 1.43333
602 1 1.43333
603 1 1.43333
604 1 1.5
605 1 1.53333
606 1 1.66667
607 1 1.76667
608 1 1.36667
609 1 1.8
610 1 1.8
611 1 1.33333
612 1 1.7
613 1 1.56667
614 1 1.76667
615 1 1.56667
616 1 1.7
617 1 1.7
618 1 1.6
619 1 1.5
620 1 1.6
621 1 1.66667
622 1 1.8
623 1 1.53333
624 1 1.46667
625 1 1.5
626 1 1.6
627 1 1.6
628 1 1.63333
629 1 1.5
630 1 1.36667
631 1 1.33333
632 1 1.5
633 1 1.6
634 1 1.7
635 1 1.56667
636 1 1.43333
637 1 1.66667
638 1 1.4
639 1 1.6
640 1 1.4
641 1 1.46667
642 1 1.86667
643 1 1.33333
644 1 1.93333
645 1 1.83333
646 1 1.76667
647 1 1.53333
648 1 1.46667
649 1 1.76667
650 1 1.8
651 1 1.6
652 1 1.86667
653 1 1.5
654 1 1.66667
655 1 1.6
656 1 1.9
657 1 1.46667
658 1 1.53333
659 1 1.23333
660 1 1.63333
661 1 1.7
662 1 1.4
663 1 1.56667
664 1 1.7
665 1 1.36667
666 1 1.6
667 1 1.43333
668 1 1.86667
669 1 2.06667
670 1 1.76667
671 1 1.4
672 1 1.8
673 1 1.36667
674 1 1.96667
675 1 1.53333
676 1 1.26667
677 1 1.7
678 1 1.6
679 1 1.6
680 1 2
681 1 1.73333
682 1 1.8
683 1 1.36667
684 1 1.63333
685 1 1.73333
686 1 1.3
687 1 1.46667
688 1 1.73333
689 1 1.7
690 1 1.7
691 1 1.26667
692 1 1.43333
693 1 1.46667
694 1 1.4
695 1 1.46667
696 1 1.8
697 1 1.56667
698 1 1.53333
699 1 1.83333
700 1 1.23333
701 1 1.6
702 1 1.56667
703 1 1.66667
704 1 1.83333
705 1 1.46667
706 1 1.56667
707 1 1.5
708 1 1.26667
709 1 1.5
710 1 1.46667
711 1 1.76667
712 1 1.7
713 1 1.8
714 1 1.6
715 1 1.4
716 1 1.6
717 1 1.7
718 1 1.73333
719 1 1.7
720 1 2.06667
721 1 1.46667
722 1 2
723 1 1.23333
724 1 1.7
725 1 1.56667
726 1 1.36667
727 1 1.4
728 1 2
729 1 1.2
730 1 1.56667
731 1 1.8
732 1 1.93333
733 1 1.26667
734 1 1.7
735 1 1.73333
736 1 1.56667
737 1 1.3
738 1 1.2
739 1 1.53333
740 1 1.86667
741 1 1.8
742 1 1.46667
743 1 1.66667
744 1 1.63333
745 1 1.76667
746 1 1.9
747 1 1.43333
748 1 1.63333
749 1 1.3
750 1 1.73333
751 1 1.63333
752 1 1.46667
753 1 1.8
754 1 1.76667
755 1 1.4
756 1 1.93333
757 1 1.3
758 1 1.46667
759 1 1.33333
760 1 1.66667
761 1 1.36667
762 1 1.26667
763 1 2
764 1 1.93333
765 1 1.46667
766 1 1.76667
767 1 1.5
768 1 1.3
769 1 1.96667
770 1 1.6
771 1 1.63333
772 1 1.43333
773 1 1.4
774 1 1.83333
775 1 1.46667
776 1 1.33333
777 1 1.5
778 1 1.53333
779 1 1.93333
780 1 1.53333
781 1 1.3
782 1 1.83333
783 1 1.93333
784 1 1.7
785 1 1.53333
786 1 1.7
787 1 1.63333
788 1 1.33333
789 1 1.56667
790 1 1.76667
791 1 1.23333
792 1 1.33333
793 1 1.33333
794 1 1.6
795 1 1.53333
796 1 1.2
797 1 1.46667
798 1 1.5
799 1 1.56667
800 1 1.3
801 1 1.53333
802 1 1.46667
803 1 1.76667
804 1 1.8
805 1 1.7
806 1 1.4
807 1 1.5
808 1 1.4
809 1 1.7
810 1 1.76667
811 1 1.83333
812 1 1.16667
813 1 1.46667
814 1 1.5
815 1 1.5
816 1 1.3
817 1 1.13333
818 1 1.2
819 1 1.53333
820 1 1.6
821 1 1.9
822 1 1.8
823 1 1.4
824 1 1.36667
825 1 1.63333
826 1 1.4
827 1 1.6
828 1 1.53333
829 1 1.73333
830 1 1.53333
831 1 1.66667
832 1 1.33333
833 1 1.5
834 1 1.7
835 1 1.53333
836 1 1.83333
837 1 1.93333
838 1 1.7
839 1 1.73333
840 1 1.56667
841 1 1.36667
842 1 1.76667
843 1 1.66667
844 1 1.53333
845 1 1.53333
846 1 1.46667
847 1 1.33333
848 1 1.5
849 1 1.46667
850 1 1.3
851 1 1.73333
852 1 1.63333
853 1 1.46667
854 1 1.96667
855 1 1.63333
856 1 1.66667
857 1 1.76667
858 1 1.26667
859 1 1.8
860 1 1.9
861 1 1.5
862 1 1.86667
863 1 1.7
864 1 1.46667
865 1 1.4
866 1 1.6
867 1 1.23333
868 1 1.7
869 1 1.53333
870 1 1.53333
871 1 1.63333
872 1 1.66667
873 1 1.56667
874 1 1.6
875 1 1.4
876 1 1.66667
877 1 1.6
878 1 2.03333
879 1 1.46667
880 1 1.56667
881 1 1.7
882 1 1.46667
883 1 1.3
884 1 1.26667
885 1 1.5
886 1 1.56667
887 1 1.7
888 1 1.5
889 1 1.46667
890 1 1.66667
891 1 1.66667
892 1 1.53333
893 1 1.3
894 1 1.4
895 1 1.56667
896 1 1.46667
897 1 1.4
898 1 1.76667
899 1 1.33333
900 1 2.06667
901 1 1.53333
902 1 1.56667
903 1 2.06667
904 1 1.6
905 1 1.93333
906 1 1.86667
907 1 1.6
908 1 1.86667
909 1 1.5
910 1 1.53333
911 1 1.63333
912 1 1.5
913 1 1.9
914 1 1.26667
915 1 1.5
916 1 1.66667
917 1 1.43333
918 1 1.66667
919 1 1.5
920 1 1.46667
921 1 1.16667
922 1 1.96667
923 1 1.8
924 1 1.6
925 1 1.83333
926 1 1.86667
927 1 2.26667
928 1 1.56667
929 1 1.53333
930 1 1.7
931 1 1.33333
932 1 1.6
933 1 1.36667
934 1 1.46667
935 1 1.2
936 1 1.66667
937 1 1.36667
938 1 1.33333
939 1 1.66667
940 1 1.2
941 1 1.26667
942 1 1.43333
943 1 1.36667
944 1 1.7
945 1 1.56667
946 1 1.63333
947 1 1.46667
948 1 2
949 1 1.5
950 1 1.56667
951 1 1.73333
952 1 1.46667
953 1 1.3
954 1 1.53333
955 1 1.83333
956 1 1.4
957 1 1.7
958 1 1.56667
959 1 1.46667
960 1 1.93333
961 1 1.4
962 1 1.63333
963 1 1.56667
964 1 1.73333
965 1 1.53333
966 1 1.66667
967 1 1.63333
968 1 1.63333
969 1 1.63333
970 1 1.6
971 1 1.6
972 1 1.86667
973 1 1.43333
974 1 1.66667
975 1 1.36667
976 1 1.4
977 1 1.8
978 1 1.83333
979 1 1.83333
980 1 1.9
981 1 1.3
982 1 1.4
983 1 1.53333
984 1 1.8
985 1 1.56667
986 1 1.63333
987 1 1.4
988 1 1.56667
989 1 1.56667
990 1 1.63333
991 1 1.46667
992 1 1.96667
993 1 1.63333
994 1 1.6
995 1 1.33333
996 1 1.7
997 1 1.7
998 1 1.63333
999 1 1.63333
1000 1 1.56667
1001 1 1.96667
1002 1 1.56667
1003 1 1.76667
1004 1 1.83333
1005 1 1.7
1006 1 1.96667
1007 1 1.43333
1008 1 1.3
1009 1 1.86667
1010 1 1.86667
1011 1 1.4
1012 1 1.43333
1013 1 1.26667
1014 1 1.46667
1015 1 1.46667
1016 1 2.13333
1017 1 1.36667
1018 1 1.26667
1019 1 1.36667
1020 1 1.56667
1021 1 1.6
1022 1 1.63333
1023 1 1.63333
1024 1 1.36667
1025 1 1.86667
1026 1 1.6
1027 1 1.4
1028 1 1.7
1029 1 1.9
1030 1 1.9
1031 1 1.46667
1032 1 1.86667
1033 1 1.43333
1034 1 1.6
1035 1 1.53333
1036 1 1.43333
1037 1 2.06667
1038 1 1.56667
1039 1 1.43333
1040 1 1.53333
1041 1 1.26667
1042 1 1.4
1043 1 1.56667
1044 1 1.23333
1045 1 1.76667
1046 1 1.96667
1047 1 1.63333
1048 1 1.36667
1049 1 1.8
1050 1 1.93333
1051 1 1.5
1052 1 1.53333
1053 1 1.43333
1054 1 1.53333
1055 1 1.36667
1056 1 1.4
1057 1 1.73333
1058 1 1.36667
1059 1 1.36667
1060 1 1.5
1061 1 1.56667
1062 1 1.43333
1063 1 1.4
1064 1 1.4
1065 1 1.63333
1066 1 1.6
1067 1 1.26667
1068 1 1.83333
1069 1 1.66667
1070 1 1.4
1071 1 1.4
1072 1 1.7
1073 1 1.56667
1074 1 1.33333
1075 1 2.1
1076 1 1.86667
1077 1 1.6
1078 1 1.66667
1079 1 1.96667
1080 1 1.53333
1081 1 1.5
1082 1 1.53333
1083 1 1.76667
1084 1 1.23333
1085 1 1.3
1086 1 1.26667
1087 1 1.56667
1088 1 1.46667
1089 1 1.5
1090 1 1.43333
1091 1 1.46667
1092 1 1.3
1093 1 1.3
1094 1 1.86667
1095 1 1.56667
1096 1 1.5
1097 1 1.56667
1098 1 1.36667
1099 1 2.03333
1100 1 1.5
1101 1 1.36667
1102 1 1.36667
1103 1 1.5
1104 1 1.7
1105 1 1.66667
1106 1 1.46667
1107 1 1.96667
1108 1 1.56667
1109 1 1.5
1110 1 1.3
1111 1 1.63333
1112 1 1.63333
1113 1 1.36667
1114 1 1.56667
1115 1 1.53333
1116 1 2.1
1117 1 1.53333
1118 1 1.8
1119 1 1.9
1120 1 1.66667
1121 1 1.53333
1122 1 1.5
1123 1 1.43333
1124 1 1.23333
1125 1 1.56667
1126 1 1.73333
1127 1 1.6
1128 1 2.06667
1129 1 1.33333
1130 1 1.66667
1131 1 1.63333
1132 1 1.56667
1133 1 1.43333
1134 1 1.66667
1135 1 1.6
1136 1 1.6
1137 1 1.4
1138 1 1.33333
1139 1 1.6
1140 1 1.46667
1141 1 1.73333
1142 1 1.16667
1143 1 1.86667
1144 1 1.56667
1145 1 1.16667
1146 1 1.43333
1147 1 1.36667
1148 1 1.73333
1149 1 1.8
1150 1 1.56667
1151 1 1.13333
1152 1 1.6
1153 1 1.56667
1154 1 1.7
1155 1 1.46667
1156 1 1.46667
1157 1 1.96667
1158 1 1.46667
1159 1 1.9
1160 1 1.63333
1161 1 1.73333
1162 1 1.43333
1163 1 1.4
1164 1 1.7
1165 1 1.7
1166 1 1.83333
1167 1 1.46667
1168 1 1.56667
1169 1 1.66667
1170 1 1.56667
1171 1 1.56667
1172 1 1.66667
1173 1 1.8
1174 1 1.7
1175 1 1.73333
1176 1 1.46667
1177 1 1.73333
1178 1 1.66667
1179 1 1.8
1180 1 1.76667
1181 1 1.56667
1182 1 1.43333
1183 1 1.7
1184 1 1.3
1185 1 1.53333
1186 1 1.36667
1187 1 1.73333
1188 1 1.26667
1189 1 1.53333
1190 1 1.26667
1191 1 1.1
1192 1 1.9
1193 1 1.46667
1194 1 1.6
1195 1 1.26667
1196 1 1.36667
1197 1 1.43333
1198 1 1.46667
1199 1 1.23333
1200 1 1.56667
1201 1 1.53333
1202 1 1.93333
1203 1 1.46667
1204 1 1.66667
1205 1 1.56667
1206 1 1.46667
1207 1 1.53333
1208 1 1.66667
1209 1 1.8
1210 1 1.63333
1211 1 1.46667
1212 1 1.4
1213 1 1.53333
1214 1 1.7
1215 1 1.46667
1216 1 1.4
1217 1 1.23333
1218 1 1.8
1219 1 1.66667
1220 1 1.4
1221 1 1.7
1222 1 1.3
1223 1 1.46667
1224 1 1.63333
1225 1 1.33333
1226 1 1.6
1227 1 1.4
1228 1 1.53333
1229 1 1.6
1230 1 1.53333
1231 1 1.26667
1232 1 1.66667
1233 1 1.63333
1234 1 1.86667
1235 1 1.73333
1236 1 1.3
1237 1 1.73333
1238 1 1.83333
1239 1 1.33333
1240 1 1.43333
1241 1 1.56667
1242 1 1.7
1243 1 1.3
1244 1 1.76667
1245 1 1.9
1246 1 1.76667
1247 1 1.13333
1248 1 1.2
1249 1 1.63333
1250 1 1.7
1251 1 1.7
1252 1 1.56667
1253 1 1.56667
1254 1 1.43333
1255 1 1.56667
1256 1 1.43333
1257 1 1.56667
1258 1 1.73333
1259 1 1.43333
1260 1 1.46667
1261 1 1.5
1262 1 1.86667
1263 1 1.76667
1264 1 1.7
1265 1 1.53333
1266 1 1.4
1267 1 1.26667
1268 1 1.73333
1269 1 1.46667
1270 1 1.76667
1271 1 1.66667
1272 1 1.56667
1273 1 1.56667
1274 1 1.7
1275 1 1.4
1276 1 1.63333
1277 1 2.06667
1278 1 1.63333
1279 1 1.76667
1280 1 1.66667
1281 1 1.63333
1282 1 1.63333
1283 1 1.26667
1284 1 1.5
1285 1 1.53333
1286 1 1.56667
1287 1 1.46667
1288 1 1.1
1289 1 1.76667
1290 1 1.43333
1291 1 1.86667
1292 1 1.86667
1293 1 1.4
1294 1 1.56667
1295 1 1.26667
1296 1 1.5
1297 1 2
1298 1 1.53333
1299 1 1.86667
1300 1 1.6
1301 1 1.7
1302 1 1.56667
1303 1 1.46667
1304 1 1.4
1305 1 1.36667
1306 1 1.43333
1307 1 1.33333
1308 1 1.73333
1309 1 1.73333
1310 1 1.3
1311 1 1.7
1312 1 1.7
1313 1 1.3
1314 1 1.26667
1315 1 1.33333
1316 1 1.13333
1317 1 1.33333
1318 1 1.93333
1319 1 1.53333
1320 1 1.53333
1321 1 1.56667
1322 1 1.46667
1323 1 1.56667
1324 1 1.26667
1325 1 1.66667
1326 1 1.36667
1327 1 1.7
1328 1 1.46667
1329 1 1.43333
1330 1 1.53333
1331 1 1.43333
1332 1 1.8
1333 1 1.53333
1334 1 1.63333
1335 1 1.56667
1336 1 1.66667
1337 1 1.8
1338 1 1.33333
1339 1 1.36667
1340 1 1.3
1341 1 1.56667
1342 1 1.33333
1343 1 1.53333
1344 1 1.2
1345 1 1.5
1346 1 1.43333
1347 1 1.73333
1348 1 1.46667
1349 1 1.56667
1350 1 1.5
1351 1 1.56667
1352 1 1.56667
1353 1 1.3
1354 1 2.13333
1355 1 1.4
1356 1 1.33333
1357 1 1.66667
1358 1 1.3
1359 1 1.36667
1360 1 1.56667
1361 1 1.9
1362 1 1.33333
1363 1 1.46667
1364 1 1.66667
1365 1 1.5
1366 1 1.6
1367 1 1.83333
1368 1 1.5
1369 1 1.06667
1370 1 1.7
1371 1 1.53333
1372 1 1.4
1373 1 1.23333
1374 1 1.46667
1375 1 1.46667
1376 1 1.2
1377 1 1.43333
1378 1 1.83333
1379 1 1.63333
1380 1 1.73333
1381 1 1.43333
1382 1 1.56667
1383 1 1.7
1384 1 1.76667
1385 1 1.56667
1386 1 1.86667
1387 1 1.36667
1388 1 1.33333
1389 1 1.53333
1390 1 1.46667
1391 1 1.33333
1392 1 1.3
1393 1 1.46667
1394 1 1.86667
1395 1 1.4
1396 1 1.5
1397 1 2
1398 1 1.56667
1399 1 1.56667
1400 1 1.53333
1401 1 1.46667
1402 1 1.53333
1403 1 1.43333
1404 1 1.73333
1405 1 1.53333
1406 1 1.56667
1407 1 1.86667
1408 1 1.76667
1409 1 1.6
1410 1 1.46667
1411 1 1.13333
1412 1 1.73333
1413 1 1.2
1414 1 1.26667
1415 1 1.16667
1416 1 1.3
1417 1 1.56667
1418 1 1.76667
1419 1 1.63333
1420 1 1.6
1421 1 1.56667
1422 1 1.86667
1423 1 1.5
1424 1 1.56667
1425 1 1.4
1426 1 1.5
1427 1 1.8
1428 1 1.66667
1429 1 1.43333
1430 1 1.4
1431 1 1.5
1432 1 1.76667
1433 1 1.56667
1434 1 1.66667
1435 1 1.33333
1436 1 1.5
1437 1 1.63333
1438 1 1.86667
1439 1 2.2
1440 1 2
1441 1 1.36667
1442 1 1.56667
1443 1 1.83333
1444 1 1.66667
1445 1 1.63333
1446 1 1.43333
1447 1 1.93333
1448 1 1.66667
1449 1 1.7
1450 1 1.8
1451 1 1.56667
1452 1 1.73333
1453 1 1.33333
1454 1 1.8
1455 1 1.5
1456 1 1.6
1457 1 1.53333
1458 1 1.56667
1459 1 1.76667
1460 1 1.46667
1461 1 1.36667
1462 1 1.83333
1463 1 1.53333
1464 1 1.6
1465 1 1.96667
1466 1 1.56667
1467 1 1.36667
1468 1 1.46667
1469 1 1.43333
1470 1 1.6
1471 1 1.83333
1472 1 1.76667
1473 1 1.53333
1474 1 1.6
1475 1 1.43333
1476 1 1.53333
1477 1 1.7
1478 1 1.73333
1479 1 1.23333
1480 1 1.7
1481 1 1.46667
1482 1 1.76667
1483 1 1.4
1484 1 1.46667
1485 1 1.46667
1486 1 1.4
1487 1 1.5
1488 1 1.76667
1489 1 1.6
1490 1 1.33333
1491 1 1.43333
1492 1 1.83333
1493 1 1.63333
1494 1 1.5
1495 1 1.66667
1496 1 1.43333
1497 1 1.23333
1498 1 1.7
1499 1 1.66667
1500 1 1.8
1501 1 1.53333
1502 1 1.43333
1503 1 1.46667
1504 1 1.36667
1505 1 1.36667
1506 1 1.26667
1507 1 1.36667
1508 1 1.6
1509 1 1.43333
1510 1 1.3
1511 1 1.7
1512 1 1.4
1513 1 1.63333
1514 1 1.73333
1515 1 1.83333
1516 1 1.43333
1517 1 1.13333
1518 1 1.83333
1519 1 1.33333
1520 1 1.66667
1521 1 2
1522 1 1.5
1523 1 1.73333
1524 1 1.33333
1525 1 1.6
1526 1 1.63333
1527 1 1.43333
1528 1 1.6
1529 1 1.33333
1530 1 1.66667
1531 1 1.83333
1532 1 1.9
1533 1 1.7
1534 1 1.53333
1535 1 1.53333
1536 1 1.66667
1537 1 1.5
1538 1 1.93333
1539 1 1.33333
1540 1 1.43333
1541 1 1.46667
1542 1 1.96667
1543 1 1.6
1544 1 1.83333
1545 1 1.4
1546 1 1.36667
1547 1 1.4
1548 1 1.63333
1549 1 1.46667
1550 1 1.63333
1551 1 1.3
1552 1 1.73333
1553 1 1.66667
1554 1 1.76667
1555 1 1.86667
1556 1 1.46667
1557 1 1.4
1558 1 1.7
1559 1 1.5
1560 1 1.33333
1561 1 1.83333
1562 1 1.9
1563 1 1.13333
1564 1 1.6
1565 1 1.3
1566 1 1.5
1567 1 1.26667
1568 1 1.66667
1569 1 1.46667
1570 1 1.43333
1571 1 1.63333
1572 0 1.63333
