0 6 10.48
1 6 8.92
2 2 7.6
3 2 5.94
4 2 4.8
5 2 3.1
6 2 2.56
7 2 2.48
8 2 2.62
9 2 2.34
10 2 2.36
11 2 2.46
12 2 2.34
13 2 2.58
14 2 2.28
15 2 2.58
16 2 2.28
17 1 2.6
18 1 2.54
19 1 2.26
20 1 2.36
21 1 1.66
22 1 1.8
23 1 1.54
24 1 1.64
25 1 1.32
26 1 1.6
27 1 1.56
28 1 1.48
29 1 1.42
30 1 1.66
31 1 1.66
32 1 1.78
33 1 1.5
34 1 1.74
35 1 1.4
36 1 1.36
37 1 1.56
38 1 1.34
39 1 1.48
40 1 1.54
41 1 1.48
42 1 1.4
43 1 1.54
44 1 1.42
45 1 1.34
46 1 1.46
47 1 1.8
48 1 1.64
49 1 1.74
50 1 1.66
51 1 1.56
52 1 1.56
53 1 1.44
54 1 1.42
55 1 1.5
56 1 1.5
57 1 1.46
58 1 1.58
59 1 1.94
60 1 1.42
61 1 1.52
62 1 1.54
63 1 1.62
64 1 1.74
65 1 1.62
66 1 1.62
67 1 1.58
68 1 1.34
69 1 1.62
70 1 1.54
71 1 1.74
72 1 1.42
73 1 1.86
74 1 1.56
75 1 1.4
76 1 1.56
77 1 1.32
78 1 1.62
79 1 1.46
80 1 1.48
81 1 1.5
82 1 1.6
83 1 1.46
84 1 1.52
85 1 1.52
86 1 1.62
87 1 1.48
88 1 1.56
89 1 1.34
90 1 1.66
91 1 1.56
92 1 1.48
93 1 1.44
94 1 1.38
95 1 1.54
96 1 1.84
97 1 1.44
98 1 1.28
99 1 1.58
100 1 1.66
101 1 1.62
102 1 1.46
103 1 1.26
104 1 1.64
105 1 1.46
106 1 1.86
107 1 1.52
108 1 1.58
109 1 1.22
110 1 1.46
111 1 1.56
112 1 1.52
113 1 1.56
114 1 1.46
115 1 1.46
116 1 1.54
117 1 1.78
118 1 1.58
119 1 1.48
120 1 1.44
121 1 1.46
122 1 1.66
123 1 1.58
124 1 1.52
125 1 1.62
126 1 1.58
127 1 1.38
128 1 1.62
129 1 1.58
130 1 1.26
131 1 1.5
132 1 1.72
133 1 1.28
134 1 1.52
135 1 1.68
136 1 1.5
137 1 1.78
138 1 1.56
139 1 1.42
140 1 1.54
141 1 1.48
142 1 1.4
143 1 1.6
144 1 1.58
145 1 1.3
146 1 1.78
147 1 1.98
148 1 1.74
149 1 1.54
150 1 1.8
151 1 1.62
152 1 1.36
153 1 1.64
154 1 1.28
155 1 1.58
156 1 1.52
157 1 1.48
158 1 1.36
159 1 1.56
160 1 1.68
161 1 1.22
162 1 1.3
163 1 1.46
164 1 1.38
165 1 2
166 1 1.58
167 1 1.4
168 1 1.78
169 1 1.74
170 1 1.5
171 1 1.42
172 1 1.6
173 1 1.52
174 1 1.46
175 1 1.5
176 1 1.4
177 1 1.98
178 1 1.62
179 1 1.44
180 1 1.46
181 1 1.58
182 1 1.48
183 1 1.38
184 1 1.56
185 1 1.36
186 1 1.54
187 1 1.82
188 1 1.46
189 1 1.38
190 1 1.52
191 1 1.44
192 1 1.5
193 1 1.64
194 1 1.38
195 1 1.5
196 1 1.72
197 1 1.58
198 1 1.48
199 1 1.66
200 1 1.78
201 1 1.6
202 1 1.48
203 1 1.56
204 1 1.62
205 1 1.5
206 1 1.6
207 1 1.82
208 1 1.44
209 1 1.7
210 1 1.56
211 1 1.38
212 1 1.42
213 1 1.48
214 1 1.64
215 1 1.42
216 1 1.56
217 1 1.94
218 1 1.54
219 1 1.42
220 1 1.44
221 1 1.42
222 1 1.7
223 1 1.2
224 1 1.66
225 1 1.48
226 1 1.5
227 1 1.46
228 1 1.56
229 1 1.6
230 1 1.46
231 1 1.48
232 1 1.56
233 1 1.48
234 1 1.46
235 1 1.52
236 1 1.44
237 1 1.64
238 1 1.48
239 1 1.48
240 1 1.34
241 1 1.94
242 1 1.46
243 1 1.52
244 1 1.66
245 1 1.6
246 1 1.34
247 1 1.68
248 1 1.52
249 1 1.46
250 1 1.36
251 1 1.44
252 1 1.68
253 1 1.3
254 1 1.34
255 1 1.6
256 1 1.36
257 1 1.66
258 1 1.3
259 1 1.58
260 1 1.72
261 1 1.56
262 1 1.44
263 1 1.56
264 1 1.46
265 1 1.52
266 1 1.7
267 1 1.44
268 1 1.56
269 1 1.36
270 1 1.52
271 1 1.52
272 1 1.64
273 1 1.44
274 1 1.6
275 1 1.64
276 1 1.54
277 1 1.62
278 1 1.74
279 1 1.46
280 1 1.7
281 1 1.22
282 1 1.58
283 1 1.56
284 1 1.3
285 1 1.44
286 1 1.6
287 1 1.64
288 1 1.5
289 1 1.7
290 1 1.6
291 1 2.02
292 1 1.74
293 1 1.5
294 1 1.76
295 1 1.46
296 1 1.7
297 1 1.5
298 1 1.52
299 1 1.72
300 1 1.48
301 1 1.46
302 1 1.68
303 1 1.58
304 1 1.56
305 1 1.54
306 1 1.5
307 1 1.32
308 1 1.36
309 1 1.62
310 1 1.4
311 1 1.58
312 1 1.58
313 1 1.48
314 1 1.52
315 1 1.44
316 1 1.46
317 1 1.78
318 1 1.44
319 1 1.32
320 1 1.44
321 1 1.38
322 1 1.42
323 1 1.34
324 1 1.52
325 1 1.3
326 1 1.68
327 1 1.62
328 1 1.68
329 1 1.38
330 1 1.5
331 1 1.3
332 1 1.68
333 1 1.72
334 1 1.52
335 1 1.6
336 1 1.42
337 1 1.64
338 1 1.68
339 1 1.58
340 1 1.64
341 1 1.34
342 1 1.38
343 1 1.54
344 1 1.32
345 1 1.66
346 1 1.48
347 1 1.18
348 1 1.54
349 1 1.38
350 1 1.56
351 1 1.34
352 1 1.66
353 1 1.62
354 1 1.7
355 1 1.6
356 1 1.7
357 1 1.4
358 1 1.82
359 1 1.94
360 1 1.66
361 1 1.66
362 1 1.46
363 1 1.72
364 1 1.74
365 1 1.48
366 1 1.64
367 1 1.44
368 1 1.54
369 1 1.42
370 1 1.52
371 1 1.46
372 1 1.36
373 1 1.68
374 1 2.06
375 1 1.42
376 1 1.5
377 1 1.74
378 1 1.44
379 1 1.54
380 1 1.44
381 1 1.42
382 1 1.66
383 1 1.76
384 1 1.72
385 1 1.5
386 1 1.56
387 1 1.48
388 1 1.7
389 1 1.7
390 1 1.36
391 1 1.6
392 1 1.44
393 1 1.48
394 1 1.66
395 1 1.6
396 1 1.48
397 1 1.6
398 1 1.46
399 1 1.44
400 1 1.68
401 1 1.58
402 1 1.78
403 1 1.48
404 1 1.58
405 1 1.78
406 1 1.38
407 1 1.76
408 1 1.9
409 1 1.6
410 1 1.56
411 1 1.68
412 1 1.58
413 1 1.58
414 1 1.36
415 1 1.6
416 1 1.58
417 1 1.74
418 1 1.82
419 1 1.72
420 1 1.84
421 1 1.68
422 1 1.46
423 1 1.8
424 1 1.52
425 1 1.44
426 1 1.42
427 1 1.86
428 1 1.28
429 1 1.46
430 1 1.72
431 1 1.58
432 1 1.64
433 1 1.56
434 1 1.52
435 1 1.68
436 1 1.66
437 1 1.72
438 1 1.6
439 1 1.44
440 1 1.46
441 1 1.52
442 1 1.72
443 1 1.62
444 1 1.6
445 1 1.7
446 1 1.56
447 1 1.44
448 1 1.56
449 1 1.68
450 1 1.7
451 1 1.52
452 1 1.52
453 1 1.64
454 1 1.68
455 1 1.78
456 1 1.62
457 1 1.56
458 1 1.58
459 1 1.78
460 1 1.5
461 1 1.68
462 1 1.5
463 1 1.68
464 1 1.38
465 1 1.62
466 1 1.36
467 1 1.38
468 1 1.48
469 1 1.44
470 1 1.38
471 1 1.62
472 1 1.52
473 1 1.4
474 1 1.86
475 1 1.4
476 1 1.38
477 1 1.5
478 1 1.58
479 1 1.56
480 1 1.76
481 1 1.6
482 1 1.48
483 1 1.34
484 1 1.3
485 1 1.56
486 1 1.38
487 1 1.66
488 1 1.56
489 1 1.42
490 1 1.34
491 1 1.68
492 1 1.52
493 1 1.52
494 1 1.58
495 1 1.64
496 1 1.44
497 1 1.84
498 1 1.48
499 1 1.34
500 1 1.56
501 1 1.54
502 1 1.72
503 1 1.38
504 1 1.78
505 1 1.6
506 1 1.2
507 1 1.58
508 1 1.66
509 1 1.78
510 1 1.82
511 1 1.38
512 1 1.58
513 1 1.48
514 1 1.62
515 1 1.8
516 1 1.58
517 1 1.5
518 1 1.76
519 1 1.68
520 1 1.54
521 1 1.6
522 1 1.48
523 1 1.52
524 1 1.78
525 1 1.36
526 1 1.7
527 1 1.56
528 1 1.68
529 1 1.44
530 1 1.86
531 1 1.5
532 1 1.68
533 1 1.32
534 1 1.58
535 1 1.5
536 1 1.58
537 1 1.66
538 1 1.5
539 1 1.28
540 1 1.42
541 1 1.24
542 1 1.44
543 1 1.7
544 1 1.48
545 1 1.6
546 1 1.5
547 1 1.56
548 1 1.5
549 1 1.5
550 1 1.46
551 1 1.72
552 1 1.82
553 1 1.76
554 1 1.44
555 1 1.5
556 1 1.4
557 1 1.52
558 1 1.42
559 1 1.56
560 1 1.6
561 1 1.8
562 1 1.92
563 1 1.46
564 1 1.48
565 1 1.72
566 1 1.54
567 1 1.84
568 1 1.66
569 1 1.62
570 1 1.62
571 1 1.1
572 1 1.34
573 1 1.4
574 1 1.46
575 1 1.6
576 1 1.58
577 1 1.54
578 1 1.56
579 1 1.48
580 1 1.54
581 1 1.46
582 1 1.44
583 1 1.66
584 1 1.64
585 1 1.5
586 1 1.58
587 1 1.78
588 1 1.32
589 1 1.44
590 1 1.7
591 1 1.5
592 1 1.44
593 1 1.68
594 1 1.56
595 1 1.44
596 1 1.62
597 1 1.56
598 1 1.5
599 1 1.34
600 1 1.44
601 1 1.38
602 1 1.4
603 1 1.46
604 1 1.46
605 1 1.58
606 1 1.36
607 1 1.6
608 1 1.74
609 1 1.38
610 1 1.42
611 1 1.42
612 1 1.58
613 1 1.4
614 1 1.24
615 1 1.42
616 1 1.5
617 1 1.68
618 1 1.68
619 1 1.84
620 1 1.74
621 1 1.26
622 1 1.42
623 1 1.56
624 1 1.56
625 1 1.66
626 1 1.58
627 1 1.32
628 1 1.86
629 1 1.7
630 1 1.64
631 1 1.56
632 1 1.58
633 1 1.5
634 1 1.48
635 1 1.34
636 1 1.56
637 1 1.38
638 1 1.7
639 1 1.76
640 1 1.62
641 1 1.64
642 1 1.66
643 1 1.36
644 1 1.54
645 1 1.72
646 1 1.4
647 1 1.68
648 1 1.76
649 1 1.7
650 1 1.7
651 1 1.2
652 1 1.82
653 1 1.62
654 1 1.46
655 1 1.5
656 1 1.44
657 1 1.84
658 1 1.6
659 1 1.5
660 1 1.5
661 1 1.58
662 1 1.54
663 1 1.5
664 1 1.8
665 1 1.86
666 1 1.48
667 1 1.56
668 1 1.74
669 1 1.52
670 1 1.7
671 1 1.44
672 1 1.68
673 1 1.68
674 1 1.34
675 1 1.48
676 1 1.44
677 1 1.64
678 1 1.44
679 1 1.6
680 1 1.78
681 1 1.46
682 1 1.58
683 1 1.4
684 1 1.4
685 1 1.72
686 1 1.4
687 1 1.64
688 1 1.48
689 1 1.7
690 1 1.46
691 1 1.64
692 1 1.72
693 1 1.52
694 1 1.42
695 1 1.5
696 1 1.7
697 1 1.56
698 1 1.6
699 1 1.54
700 1 1.7
701 1 1.6
702 1 1.34
703 1 1.92
704 1 1.44
705 1 1.64
706 1 1.4
707 1 1.74
708 1 1.62
709 1 1.74
710 1 1.44
711 1 1.52
712 1 1.56
713 1 1.64
714 1 1.66
715 1 1.82
716 1 1.7
717 1 1.44
718 1 1.52
719 1 1.4
720 1 1.4
721 1 1.64
722 1 1.5
723 1 1.32
724 1 1.36
725 1 1.62
726 1 1.52
727 1 1.56
728 1 1.52
729 1 1.48
730 1 1.66
731 1 1.6
732 1 1.38
733 1 1.78
734 1 1.46
735 1 1.44
736 1 1.64
737 1 1.36
738 1 1.56
739 1 1.5
740 1 1.66
741 1 1.42
742 1 1.7
743 1 1.54
744 1 1.66
745 1 1.78
746 1 1.4
747 1 1.6
748 1 1.66
749 1 1.54
750 1 1.58
751 1 1.28
752 1 1.6
753 1 1.52
754 1 1.48
755 1 1.48
756 1 1.46
757 1 1.24
758 1 1.74
759 1 1.54
760 1 1.32
761 1 1.8
762 1 1.64
763 1 1.36
764 1 1.48
765 1 1.68
766 1 1.46
767 1 1.62
768 1 1.36
769 1 1.4
770 1 1.4
771 1 1.38
772 1 1.5
773 1 1.48
774 1 1.56
775 1 1.78
776 1 1.92
777 1 1.24
778 1 1.7
779 1 1.38
780 1 1.66
781 1 1.56
782 1 1.4
783 1 1.54
784 1 1.46
785 1 1.64
786 1 1.54
787 1 1.68
788 1 1.58
789 1 1.8
790 1 1.54
791 1 1.58
792 1 1.52
793 1 1.46
794 1 1.5
795 1 1.54
796 1 1.5
797 1 1.58
798 1 1.54
799 1 1.58
800 1 1.42
801 1 1.46
802 1 1.28
803 1 1.64
804 1 1.52
805 1 1.5
806 1 1.66
807 1 1.38
808 1 1.46
809 1 1.74
810 1 1.62
811 1 1.46
812 1 1.62
813 1 1.86
814 1 1.6
815 1 1.6
816 1 1.64
817 1 1.46
818 1 1.5
819 1 1.68
820 1 1.46
821 1 1.28
822 1 1.54
823 1 1.66
824 1 1.48
825 1 1.56
826 1 1.48
827 1 1.46
828 1 1.44
829 1 1.46
830 1 1.3
831 1 1.86
832 1 1.32
833 1 1.58
834 1 1.68
835 1 1.68
836 1 1.7
837 1 1.3
838 1 1.84
839 1 1.48
840 1 1.48
841 1 1.74
842 1 1.92
843 1 1.64
844 1 1.36
845 1 1.46
846 1 1.68
847 1 1.56
848 1 1.76
849 1 1.74
850 1 1.58
851 1 1.62
852 1 1.7
853 1 1.4
854 1 1.48
855 1 1.38
856 1 1.6
857 1 1.64
858 1 1.7
859 1 1.36
860 1 1.46
861 1 1.62
862 1 1.4
863 1 1.38
864 1 1.62
865 1 1.74
866 1 1.68
867 1 1.38
868 1 1.46
869 1 1.58
870 1 1.34
871 1 1.7
872 1 1.34
873 1 1.52
874 1 1.7
875 1 1.64
876 1 1.78
877 1 1.5
878 1 1.46
879 1 1.44
880 1 1.44
881 1 1.26
882 1 1.58
883 1 1.44
884 1 1.58
885 1 1.3
886 1 1.64
887 1 1.52
888 1 1.56
889 1 1.54
890 1 1.4
891 1 1.58
892 1 1.42
893 1 1.7
894 1 1.6
895 1 1.92
896 1 1.54
897 1 1.82
898 1 1.82
899 1 1.48
900 1 1.52
901 1 1.44
902 1 1.6
903 1 1.64
904 1 1.5
905 1 1.58
906 1 1.6
907 1 1.52
908 1 1.4
909 1 1.44
910 1 1.76
911 1 1.74
912 1 1.66
913 1 1.36
914 1 1.84
915 1 1.4
916 1 1.38
917 1 1.76
918 1 1.24
919 1 1.52
920 1 1.48
921 1 1.46
922 1 1.34
923 1 1.52
924 1 1.72
925 1 1.42
926 1 1.4
927 1 1.2
928 1 1.5
929 1 1.48
930 1 1.72
931 1 1.48
932 1 1.56
933 1 1.64
934 1 1.62
935 1 1.5
936 1 1.46
937 1 1.42
938 1 1.76
939 1 1.46
940 1 1.8
941 1 1.88
942 1 1.58
943 1 1.52
944 1 1.78
945 1 1.62
946 1 1.46
947 1 1.76
948 1 1.46
949 1 1.66
950 1 1.42
951 1 1.64
952 1 1.36
953 1 1.44
954 1 1.74
955 1 1.46
956 1 1.44
957 1 1.54
958 1 1.62
959 1 1.52
960 1 1.68
961 1 1.48
962 1 1.52
963 1 1.46
964 1 1.6
965 1 1.62
966 1 1.52
967 1 1.44
968 1 1.6
969 1 1.48
970 1 1.36
971 1 1.5
972 1 1.7
973 1 1.6
974 1 1.48
975 1 1.62
976 1 1.88
977 1 1.72
978 1 1.56
979 1 1.72
980 1 1.42
981 1 1.6
982 1 1.48
983 1 1.5
984 1 1.28
985 1 1.6
986 1 1.48
987 1 1.6
988 1 1.66
989 1 1.68
990 1 1.5
991 1 1.4
992 1 1.92
993 1 1.4
994 1 1.54
995 1 1.54
996 1 1.24
997 1 1.22
998 1 1.74
999 1 1.86
1000 1 1.66
1001 1 1.58
1002 1 1.76
1003 1 1.46
1004 1 1.48
1005 1 1.54
1006 1 1.26
1007 1 1.34
1008 1 1.44
1009 1 1.46
1010 1 1.28
1011 1 1.48
1012 1 1.5
1013 1 1.42
1014 1 1.36
1015 1 1.48
1016 1 1.52
1017 1 1.8
1018 1 1.6
1019 1 1.66
1020 1 1.46
1021 1 1.42
1022 1 1.62
1023 1 1.42
1024 1 1.38
1025 1 1.3
1026 1 1.44
1027 1 1.42
1028 1 1.66
1029 1 1.54
1030 1 1.58
1031 1 1.5
1032 1 1.4
1033 1 1.56
1034 1 1.64
1035 1 1.76
1036 1 1.4
1037 1 1.62
1038 1 1.62
1039 1 1.74
1040 1 1.74
1041 1 1.52
1042 1 1.56
1043 1 1.7
1044 1 1.82
1045 1 1.6
1046 1 1.4
1047 1 1.58
1048 1 1.82
1049 1 1.64
1050 1 1.6
1051 1 1.48
1052 1 1.62
1053 1 1.54
1054 1 1.44
1055 1 1.62
1056 1 1.6
1057 1 1.38
1058 1 1.52
1059 1 1.86
1060 1 1.46
1061 1 1.38
1062 1 1.36
1063 1 1.3
1064 1 1.44
1065 1 1.42
1066 1 1.4
1067 1 1.6
1068 1 1.4
1069 1 1.64
1070 1 1.58
1071 1 1.6
1072 1 1.26
1073 1 1.92
1074 1 1.7
1075 1 1.64
1076 1 1.48
1077 1 1.24
1078 1 1.64
1079 1 1.32
1080 1 1.46
1081 1 1.44
1082 1 1.46
1083 1 1.44
1084 1 1.92
1085 1 1.76
1086 1 1.6
1087 1 1.72
1088 1 1.76
1089 1 1.68
1090 1 1.7
1091 1 1.92
1092 1 1.5
1093 1 1.44
1094 1 1.5
1095 1 1.82
1096 1 1.42
1097 1 1.42
1098 1 1.44
1099 1 1.52
1100 1 1.62
1101 1 1.6
1102 1 1.5
1103 1 1.9
1104 1 1.42
1105 1 1.42
1106 1 1.56
1107 1 1.44
1108 1 1.6
1109 1 1.42
1110 1 1.56
1111 1 1.36
1112 1 1.42
1113 1 1.42
1114 1 1.64
1115 1 1.66
1116 1 1.68
1117 1 1.8
1118 1 1.38
1119 1 1.52
1120 1 1.46
1121 1 1.48
1122 1 1.52
1123 1 1.94
1124 1 1.36
1125 1 1.84
1126 1 1.36
1127 1 1.16
1128 1 1.6
1129 1 1.44
1130 1 1.66
1131 1 1.54
1132 1 1.48
1133 1 1.5
1134 1 1.52
1135 1 1.46
1136 1 1.4
1137 1 1.54
1138 1 1.82
1139 1 1.6
1140 1 1.5
1141 1 1.68
1142 1 1.16
1143 1 1.78
1144 1 1.46
1145 1 1.78
1146 1 1.34
1147 1 1.5
1148 1 1.56
1149 1 1.54
1150 1 1.46
1151 1 1.46
1152 1 1.3
1153 1 1.58
1154 1 1.68
1155 1 1.28
1156 1 1.46
1157 1 1.44
1158 1 1.6
1159 1 1.5
1160 1 1.72
1161 1 1.48
1162 1 1.36
1163 1 1.52
1164 1 1.34
1165 1 1.56
1166 1 1.58
1167 1 1.58
1168 1 1.54
1169 1 1.66
1170 1 1.7
1171 1 1.48
1172 1 1.6
1173 1 1.36
1174 1 1.66
1175 1 1.4
1176 1 1.62
1177 1 1.56
1178 1 1.38
1179 1 1.46
1180 1 1.52
1181 1 1.78
1182 1 1.5
1183 1 1.22
1184 1 2
1185 1 1.4
1186 1 1.4
1187 1 1.7
1188 1 1.52
1189 1 1.46
1190 1 1.52
1191 1 1.62
1192 1 1.44
1193 1 1.74
1194 1 1.4
1195 1 1.44
1196 1 1.46
1197 1 1.6
1198 1 1.3
1199 1 1.52
1200 1 1.2
1201 1 1.32
1202 1 1.72
1203 1 1.34
1204 1 1.36
1205 1 1.46
1206 1 1.42
1207 1 1.6
1208 1 1.7
1209 1 1.38
1210 1 1.78
1211 1 1.4
1212 1 1.72
1213 1 1.5
1214 1 1.5
1215 1 1.96
1216 1 1.62
1217 1 1.5
1218 1 1.42
1219 1 1.42
1220 1 1.48
1221 1 1.68
1222 1 1.44
1223 1 1.74
1224 1 1.54
1225 1 1.6
1226 1 1.58
1227 1 1.4
1228 1 1.64
1229 1 1.26
1230 1 1.44
1231 1 1.72
1232 1 1.56
1233 1 1.46
1234 1 1.44
1235 1 1.48
1236 1 1.76
1237 1 1.56
1238 1 1.58
1239 1 1.66
1240 1 1.54
1241 1 1.38
1242 1 1.46
1243 1 1.42
1244 1 1.5
1245 1 1.74
1246 1 1.76
1247 1 1.74
1248 1 1.84
1249 1 1.48
1250 1 1.62
1251 1 1.46
1252 1 1.56
1253 1 1.46
1254 1 1.6
1255 1 1.62
1256 1 1.48
1257 1 1.5
1258 1 1.54
1259 1 1.46
1260 1 1.66
1261 1 1.36
1262 1 1.48
1263 1 1.62
1264 1 1.36
1265 1 1.62
1266 1 1.62
1267 1 1.38
1268 1 1.56
1269 1 1.64
1270 1 1.58
1271 1 1.56
1272 1 1.4
1273 1 1.58
1274 1 1.7
1275 1 1.36
1276 1 1.68
1277 1 1.48
1278 1 1.24
1279 1 1.3
1280 1 1.42
1281 1 1.44
1282 1 1.28
1283 1 1.54
1284 1 1.52
1285 1 1.5
1286 1 1.44
1287 1 1.48
1288 1 1.72
1289 1 1.34
1290 1 1.54
1291 1 1.4
1292 1 1.7
1293 1 1.68
1294 1 1.62
1295 1 1.54
1296 1 1.52
1297 1 1.84
1298 1 1.72
1299 1 1.72
1300 1 1.42
1301 1 1.68
1302 1 1.46
1303 1 1.68
1304 1 1.46
1305 1 1.4
1306 1 1.54
1307 1 1.6
1308 1 1.48
1309 1 1.54
1310 1 1.4
1311 1 1.54
1312 1 1.34
1313 1 1.5
1314 1 1.42
1315 1 1.42
1316 1 1.3
1317 1 1.8
1318 1 1.64
1319 1 1.68
1320 1 1.4
1321 1 1.5
1322 1 1.46
1323 1 1.6
1324 1 1.34
1325 1 1.64
1326 1 1.56
1327 1 1.54
1328 1 1.52
1329 1 1.6
1330 1 1.26
1331 1 1.52
1332 1 1.58
1333 1 1.56
1334 1 1.64
1335 1 1.66
1336 1 1.56
1337 1 1.38
1338 1 1.42
1339 1 1.38
1340 1 1.36
1341 1 1.58
1342 1 1.52
1343 1 1.7
1344 1 1.6
1345 1 1.2
1346 1 1.56
1347 1 1.5
1348 1 1.7
1349 1 1.68
1350 1 1.42
1351 1 1.82
1352 1 1.7
1353 1 1.58
1354 1 1.34
1355 1 1.24
1356 1 1.66
1357 1 1.64
1358 1 1.38
1359 1 1.48
1360 1 1.5
1361 1 1.6
1362 1 1.38
1363 1 1.76
1364 1 1.58
1365 1 1.46
1366 1 1.5
1367 1 1.64
1368 1 1.36
1369 1 1.5
1370 1 1.5
1371 1 1.24
1372 1 1.5
1373 1 1.58
1374 1 1.88
1375 1 1.46
1376 1 1.64
1377 1 1.56
1378 1 1.68
1379 1 1.76
1380 1 1.5
1381 1 1.64
1382 1 1.42
1383 1 1.58
1384 1 1.52
1385 1 1.46
1386 1 1.62
1387 1 1.82
1388 1 1.62
1389 1 1.6
1390 1 1.62
1391 1 1.32
1392 1 1.52
1393 1 1.36
1394 1 1.66
1395 1 1.68
1396 1 1.5
1397 1 1.46
1398 1 1.6
1399 1 1.68
1400 1 1.68
1401 1 1.66
1402 1 1.3
1403 1 1.64
1404 1 1.62
1405 1 1.38
1406 1 1.64
1407 1 1.66
1408 1 1.36
1409 1 1.3
1410 1 1.6
1411 1 1.56
1412 1 1.42
1413 1 1.46
1414 1 1.36
1415 1 1.64
1416 1 1.58
1417 1 1.36
1418 1 1.36
1419 1 1.62
1420 1 1.44
1421 1 1.48
1422 1 1.66
1423 1 1.68
1424 1 1.5
1425 1 1.5
1426 1 1.6
1427 1 1.72
1428 1 1.5
1429 1 1.48
1430 1 1.48
1431 1 1.62
1432 1 2
1433 1 1.5
1434 1 1.84
1435 1 1.44
1436 1 1.54
1437 1 1.8
1438 1 1.32
1439 1 1.66
1440 1 1.68
1441 1 1.94
1442 1 1.54
1443 1 1.78
1444 1 1.38
1445 1 1.32
1446 1 1.38
1447 1 1.6
1448 1 1.64
1449 1 1.42
1450 1 1.54
1451 1 1.48
1452 1 1.34
1453 1 1.4
1454 1 1.42
1455 1 1.74
1456 1 1.58
1457 1 1.4
1458 1 1.48
1459 1 1.96
1460 1 1.44
1461 1 1.68
1462 1 1.54
1463 1 1.54
1464 1 1.52
1465 1 1.54
1466 1 1.52
1467 1 1.48
1468 1 1.48
1469 1 1.6
1470 1 1.34
1471 1 1.8
1472 1 1.64
1473 1 1.78
1474 1 1.74
1475 1 1.4
1476 1 1.7
1477 1 1.76
1478 1 1.8
1479 1 1.72
1480 1 1.38
1481 1 1.48
1482 1 1.78
1483 1 1.52
1484 1 1.56
1485 1 1.48
1486 1 1.34
1487 1 1.5
1488 1 1.98
1489 1 1.66
1490 1 1.74
1491 1 1.82
1492 1 1.44
1493 1 1.48
1494 1 1.6
1495 1 1.44
1496 1 1.44
1497 1 1.58
1498 1 1.68
1499 1 1.44
1500 1 1.7
1501 1 1.48
1502 1 1.7
1503 1 1.44
1504 1 1.62
1505 1 1.68
1506 1 1.38
1507 1 1.52
1508 1 1.6
1509 1 1.5
1510 1 1.94
1511 1 1.56
1512 1 1.46
1513 1 1.42
1514 1 1.4
1515 1 1.4
1516 1 1.46
1517 1 1.26
1518 1 1.58
1519 1 1.54
1520 1 1.56
1521 1 1.6
1522 1 1.62
1523 1 1.46
1524 1 1.44
1525 1 1.92
1526 1 1.58
1527 1 1.62
1528 1 1.62
1529 1 1.88
1530 1 1.62
1531 1 1.64
1532 1 1.66
1533 1 1.5
1534 1 1.62
1535 1 1.38
1536 1 1.42
1537 1 1.54
1538 1 1.64
1539 1 1.58
1540 1 1.36
1541 1 1.82
1542 1 1.5
1543 1 1.42
1544 1 1.78
1545 1 1.52
1546 1 1.48
1547 1 1.78
1548 1 1.86
1549 1 1.42
1550 1 1.46
1551 1 1.36
1552 1 1.64
1553 1 1.52
1554 1 1.48
1555 1 1.66
1556 1 1.36
1557 1 1.7
1558 1 1.54
1559 1 1.5
1560 1 1.46
1561 1 1.22
1562 1 1.52
1563 1 1.3
1564 1 1.58
1565 1 1.68
1566 1 1.64
1567 1 1.46
1568 1 1.48
1569 1 1.82
1570 1 1.48
1571 1 1.5
1572 1 1.5
1573 1 1.5
1574 1 1.56
1575 1 1.4
1576 1 1.62
1577 1 1.7
1578 1 1.56
1579 1 1.52
1580 1 1.32
1581 1 1.48
1582 1 1.78
1583 1 1.6
1584 1 1.62
1585 1 1.54
1586 1 1.8
1587 1 1.7
1588 1 1.6
1589 1 1.5
1590 1 1.34
1591 1 1.5
1592 1 1.46
1593 1 1.4
1594 1 1.56
1595 1 1.64
1596 1 1.22
1597 1 1.46
1598 1 1.62
1599 1 1.84
1600 1 1.86
1601 1 1.5
1602 1 1.96
1603 1 1.42
1604 1 1.48
1605 1 1.6
1606 1 1.38
1607 1 1.48
1608 1 1.34
1609 1 1.42
1610 1 1.28
1611 1 1.42
1612 1 1.74
1613 1 1.58
1614 1 1.56
1615 1 1.54
1616 1 1.62
1617 1 1.52
1618 1 1.62
1619 1 1.3
1620 1 1.6
1621 1 1.7
1622 1 1.58
1623 1 1.52
1624 1 1.46
1625 1 1.5
1626 1 1.84
1627 1 1.56
1628 1 1.56
1629 1 1.6
1630 1 1.36
1631 1 1.48
1632 1 1.62
1633 1 1.2
1634 1 1.42
1635 1 1.44
1636 1 1.38
1637 1 1.62
1638 1 1.46
1639 1 1.48
1640 1 1.6
1641 1 1.82
1642 1 1.8
1643 1 1.76
1644 1 1.56
1645 1 1.7
1646 1 1.38
1647 1 1.36
1648 1 1.52
1649 1 1.54
1650 1 1.48
1651 1 1.4
1652 1 1.68
1653 1 1.78
1654 1 1.58
1655 1 1.58
1656 1 1.7
1657 1 1.68
1658 1 1.46
1659 1 1.38
1660 1 1.62
1661 1 1.5
1662 1 1.6
1663 1 1.56
1664 1 1.54
1665 1 1.74
1666 1 1.42
1667 1 1.44
1668 1 1.54
1669 1 1.46
1670 1 1.5
1671 1 1.56
1672 1 1.38
1673 1 1.22
1674 1 1.52
1675 1 1.72
1676 1 1.52
1677 1 1.72
1678 1 1.3
1679 1 1.9
1680 1 1.56
1681 1 1.84
1682 1 1.66
1683 1 1.52
1684 1 1.6
1685 1 1.44
1686 1 1.42
1687 1 1.92
1688 1 1.5
1689 1 1.44
1690 1 1.42
1691 1 1.58
1692 1 1.38
1693 1 1.5
1694 1 1.78
1695 1 1.4
1696 1 1.46
1697 1 1.62
1698 1 1.72
1699 1 1.7
1700 1 1.52
1701 1 1.7
1702 1 1.38
1703 1 1.36
1704 1 1.62
1705 1 1.62
1706 1 1.6
1707 1 1.48
1708 1 1.48
1709 1 1.46
1710 1 1.26
1711 1 1.72
1712 1 1.24
1713 1 1.66
1714 1 1.74
1715 1 1.86
1716 1 1.7
1717 1 1.5
1718 1 1.54
1719 1 1.54
1720 1 1.48
1721 1 1.46
1722 1 1.68
1723 1 1.64
1724 1 1.36
1725 1 1.46
1726 1 1.6
1727 1 1.42
1728 1 1.6
1729 1 1.8
1730 1 1.84
1731 1 1.38
1732 1 1.46
1733 1 1.32
1734 1 1.46
1735 1 1.46
1736 1 1.48
1737 1 1.64
1738 1 1.42
1739 1 1.58
1740 1 1.56
1741 1 1.48
1742 1 1.5
1743 1 1.68
1744 1 1.52
1745 1 1.5
1746 1 1.42
1747 1 1.64
1748 1 1.38
1749 1 1.48
1750 1 1.52
1751 1 1.54
1752 1 1.62
1753 1 1.36
1754 1 1.4
1755 1 1.58
1756 1 1.66
1757 1 1.54
1758 1 1.54
1759 1 1.74
1760 1 1.5
1761 1 1.48
1762 1 1.54
1763 1 1.52
1764 1 1.44
1765 1 1.38
1766 1 1.86
1767 1 1.38
1768 1 1.6
1769 1 1.34
1770 1 1.46
1771 1 1.52
1772 1 1.6
1773 1 1.78
1774 1 1.56
1775 1 1.52
1776 1 1.66
1777 1 1.4
1778 1 1.2
1779 1 1.38
1780 1 1.58
1781 1 1.44
1782 1 1.54
1783 1 1.18
1784 1 1.76
1785 1 1.54
1786 1 1.56
1787 1 1.32
1788 1 1.32
1789 1 1.8
1790 1 1.34
1791 1 1.3
1792 1 1.32
1793 1 1.54
1794 1 1.64
1795 1 1.52
1796 1 1.58
1797 1 1.4
1798 1 1.66
1799 1 1.8
1800 1 1.66
1801 1 1.4
1802 1 1.44
1803 1 1.34
1804 1 1.58
1805 1 1.36
1806 1 1.54
1807 1 1.64
1808 1 1.46
1809 1 1.38
1810 1 1.3
1811 1 1.36
1812 1 1.64
1813 1 1.54
1814 1 1.56
1815 1 1.26
1816 1 1.7
1817 1 1.58
1818 1 1.52
1819 1 1.46
1820 1 1.54
1821 1 1.54
1822 1 1.32
1823 1 1.5
1824 1 1.64
1825 1 1.46
1826 1 1.4
1827 1 1.46
1828 1 1.68
1829 1 1.56
1830 1 1.58
1831 1 1.8
1832 1 1.66
1833 1 1.46
1834 1 1.64
1835 1 1.54
1836 1 1.28
1837 1 1.34
1838 1 1.38
1839 1 1.6
1840 1 1.44
1841 1 1.38
1842 1 1.34
1843 1 1.32
1844 1 1.4
1845 1 1.4
1846 1 1.68
1847 1 1.46
1848 1 1.92
1849 1 1.62
1850 1 1.58
1851 1 1.74
1852 1 1.62
1853 1 1.38
1854 1 1.68
1855 1 1.72
1856 1 1.52
1857 1 1.76
1858 1 1.64
1859 1 1.5
1860 1 1.54
1861 1 1.38
1862 1 1.66
1863 1 1.62
1864 1 1.58
1865 1 1.78
1866 1 1.5
1867 1 1.44
1868 1 1.46
1869 1 1.48
1870 1 1.7
1871 1 1.48
1872 1 1.66
1873 1 1.68
1874 1 1.56
1875 1 1.66
1876 1 1.64
1877 1 1.36
1878 1 1.38
1879 1 1.42
1880 1 1.86
1881 1 1.82
1882 1 1.4
1883 1 1.7
1884 1 1.5
1885 1 1.42
1886 1 1.46
1887 1 1.36
1888 1 1.74
1889 1 1.44
1890 1 1.5
1891 1 1.68
1892 1 1.66
1893 1 1.4
1894 1 1.44
1895 1 1.36
1896 1 1.98
1897 1 1.32
1898 1 1.7
1899 1 1.68
1900 1 1.56
1901 1 1.46
1902 1 1.4
1903 1 1.44
1904 1 1.48
1905 1 1.5
1906 1 1.76
1907 1 1.4
1908 1 1.52
1909 1 1.54
1910 1 1.46
1911 1 1.86
1912 1 1.66
1913 1 1.4
1914 1 1.24
1915 1 1.42
1916 1 1.38
1917 1 1.8
1918 1 1.44
1919 1 1.52
1920 1 1.48
1921 1 1.5
1922 1 1.5
1923 1 1.46
1924 1 1.46
1925 1 1.4
1926 1 1.6
1927 1 1.52
1928 1 1.56
1929 1 1.44
1930 1 1.76
1931 1 1.62
1932 1 1.7
1933 1 1.36
1934 1 1.6
1935 1 1.52
1936 1 1.62
1937 1 1.56
1938 1 1.68
1939 1 1.68
1940 1 1.68
1941 1 1.36
1942 1 1.78
1943 1 2
1944 1 1.52
1945 1 1.38
1946 1 1.72
1947 1 1.38
1948 1 1.46
1949 1 1.46
1950 1 1.54
1951 1 1.56
1952 1 1.58
1953 1 1.54
1954 1 1.74
1955 1 1.72
1956 1 1.46
1957 1 1.46
1958 1 1.5
1959 1 1.6
1960 1 1.26
1961 1 1.48
1962 1 1.32
1963 1 1.6
1964 1 1.76
1965 1 1.5
1966 1 1.52
1967 1 1.5
1968 1 1.58
1969 1 1.38
1970 1 1.7
1971 1 1.68
1972 1 1.46
1973 1 1.64
1974 1 1.52
1975 1 1.64
1976 1 1.64
1977 1 1.7
1978 1 1.74
1979 1 1.28
1980 1 1.62
1981 1 1.6
1982 1 1.5
1983 1 1.8
1984 1 1.62
1985 1 1.5
1986 1 1.54
1987 1 1.56
1988 1 1.6
1989 1 1.5
1990 1 1.56
1991 1 1.66
1992 1 1.34
1993 1 1.42
1994 1 1.64
1995 1 1.64
1996 1 1.42
1997 1 1.6
1998 1 1.68
1999 1 1.46
2000 1 1.44
