0 5 10.3
1 5 9.06667
2 4 8.13333
3 3 8.26667
4 3 7.26667
5 3 6.66667
6 3 6.43333
7 3 5.63333
8 2 4.7
9 2 4.4
10 2 4.23333
11 2 3.93333
12 2 3.53333
13 2 3.23333
14 2 3.36667
15 2 2.66667
16 2 3.06667
17 2 2.96667
18 2 2.83333
19 2 2.53333
20 1 2.56667
21 1 2.56667
22 1 2.73333
23 1 2.23333
24 1 2.13333
25 1 2.23333
26 1 2.7
27 1 2.23333
28 1 2.1
29 1 1.96667
30 1 1.83333
31 1 1.63333
32 1 1.7
33 1 1.63333
34 1 1.56667
35 1 1.53333
36 1 1.7
37 1 1.56667
38 1 1.46667
39 1 1.93333
40 1 1.76667
41 1 1.46667
42 1 1.63333
43 1 1.56667
44 1 1.83333
45 1 1.9
46 1 1.73333
47 1 1.66667
48 1 1.5
49 1 1.43333
50 1 1.43333
51 1 1.66667
52 1 1.46667
53 1 1.66667
54 1 1.8
55 1 1.8
56 1 1.83333
57 1 1.73333
58 1 1.9
59 1 2.03333
60 1 1.86667
61 1 1.73333
62 1 1.73333
63 1 1.36667
64 1 1.83333
65 1 2.36667
66 1 2.06667
67 1 1.7
68 1 1.96667
69 1 2.4
70 1 1.93333
71 1 1.83333
72 1 1.86667
73 1 1.7
74 1 1.83333
75 1 1.86667
76 1 2.13333
77 1 1.46667
78 1 2.06667
79 1 1.7
80 1 2.2
81 1 2.26667
82 1 2.2
83 1 2.16667
84 1 1.9
85 1 2.1
86 1 1.76667
87 1 1.56667
88 1 1.8
89 1 1.9
90 1 1.46667
91 1 1.66667
92 1 1.33333
93 1 1.63333
94 1 1.3
95 1 1.66667
96 1 1.8
97 1 1.63333
98 1 1.43333
99 1 1.53333
100 1 1.8
101 1 1.36667
102 1 1.43333
103 1 1.26667
104 1 1.53333
105 1 1.3
106 1 1.33333
107 1 1.53333
108 1 1.36667
109 1 1.6
110 1 1.63333
111 1 1.96667
112 1 1.93333
113 1 1.9
114 1 1.86667
115 1 1.7
116 1 1.56667
117 1 1.9
118 1 1.46667
119 1 1.6
120 1 1.73333
121 1 1.8
122 1 2.03333
123 1 2.43333
124 1 1.66667
125 1 1.66667
126 1 1.5
127 1 1.56667
128 1 1.63333
129 1 2.03333
130 1 1.86667
131 1 1.66667
132 1 1.8
133 1 1.7
134 1 1.6
135 1 1.66667
136 1 2.06667
137 1 1.76667
138 1 1.9
139 1 1.93333
140 1 2.16667
141 1 2.33333
142 1 2.43333
143 1 2.36667
144 1 2.1
145 1 1.86667
146 1 2.03333
147 1 2.1
148 1 2
149 1 1.66667
150 1 1.9
151 1 2.13333
152 1 2.5
153 1 2.03333
154 1 1.7
155 1 1.7
156 1 1.4
157 1 1.9
158 1 1.7
159 1 1.63333
160 1 1.6
161 1 1.7
162 1 1.5
163 1 1.46667
164 1 1.6
165 1 1.73333
166 1 1.83333
167 1 1.93333
168 1 2.36667
169 1 2.43333
170 1 2.1
171 1 2.33333
172 1 2.56667
173 1 2.13333
174 1 1.56667
175 1 2.3
176 1 1.9
177 1 2.06667
178 1 2.06667
179 1 2.1
180 1 1.56667
181 1 1.66667
182 1 1.46667
183 1 1.36667
184 1 1.6
185 1 1.93333
186 1 2.16667
187 1 2.16667
188 1 1.8
189 1 1.76667
190 1 1.7
191 1 1.76667
192 1 1.4
193 1 1.66667
194 1 1.53333
195 1 1.8
196 1 1.73333
197 1 1.6
198 1 1.6
199 1 1.8
200 1 2.06667
201 1 2.36667
202 1 1.83333
203 1 2.06667
204 1 1.53333
205 1 1.76667
206 1 1.6
207 1 1.7
208 1 2.06667
209 1 1.76667
210 1 2.33333
211 1 1.96667
212 1 1.56667
213 1 1.4
214 1 1.4
215 1 1.36667
216 1 1.36667
217 1 1.5
218 1 1.43333
219 1 1.33333
220 1 1.43333
221 1 1.5
222 1 1.5
223 1 1.83333
224 1 1.7
225 1 1.8
226 1 1.96667
227 1 1.4
228 1 2.06667
229 1 1.86667
230 1 2.03333
231 1 1.66667
232 1 1.56667
233 1 1.53333
234 1 1.43333
235 1 1.83333
236 1 2.23333
237 1 2.26667
238 1 1.9
239 1 1.83333
240 1 1.63333
241 1 1.96667
242 1 1.93333
243 1 1.7
244 1 1.83333
245 1 1.8
246 1 1.6
247 1 1.53333
248 1 1.9
249 1 1.3
250 1 1.53333
251 1 1.5
252 1 1.56667
253 1 1.56667
254 1 1.9
255 1 1.53333
256 1 1.26667
257 1 1.3
258 1 1.33333
259 1 1.46667
260 1 1.86667
261 1 1.5
262 1 1.73333
263 1 1.6
264 1 1.9
265 1 1.76667
266 1 2.23333
267 1 2.3
268 1 2.06667
269 1 2.13333
270 1 1.6
271 1 1.9
272 1 2.03333
273 1 1.9
274 1 2.4
275 1 2.4
276 1 1.8
277 1 1.53333
278 1 1.86667
279 1 1.63333
280 1 1.63333
281 1 1.63333
282 1 1.66667
283 1 2.1
284 1 1.66667
285 1 1.86667
286 1 1.96667
287 1 1.9
288 1 1.83333
289 1 1.43333
290 1 1.43333
291 1 2
292 1 1.8
293 1 1.73333
294 1 1.4
295 1 1.66667
296 1 1.5
297 1 1.9
298 1 1.83333
299 1 1.6
300 1 1.63333
301 1 1.76667
302 1 1.93333
303 1 1.36667
304 1 1.53333
305 1 1.63333
306 1 1.46667
307 1 1.6
308 1 1.76667
309 1 1.9
310 1 2.06667
311 1 1.63333
312 1 1.9
313 1 1.83333
314 1 1.43333
315 1 1.63333
316 1 1.56667
317 1 1.6
318 1 1.66667
319 1 1.4
320 1 1.46667
321 1 1.53333
322 1 1.6
323 1 1.76667
324 1 1.53333
325 1 1.9
326 1 1.36667
327 1 1.93333
328 1 1.73333
329 1 1.46667
330 1 2.1
331 1 2.13333
332 1 1.46667
333 1 1.66667
334 1 1.33333
335 1 1.56667
336 1 2.03333
337 1 2.13333
338 1 1.43333
339 1 1.5
340 1 1.6
341 1 1.43333
342 1 1.9
343 1 1.43333
344 1 1.93333
345 1 1.8
346 1 1.66667
347 1 1.36667
348 1 1.36667
349 1 1.43333
350 1 1.5
351 1 1.56667
352 1 1.63333
353 1 1.73333
354 1 1.36667
355 1 1.7
356 1 1.56667
357 1 1.66667
358 1 1.83333
359 1 1.7
360 1 1.6
361 1 1.8
362 1 1.96667
363 1 2.03333
364 1 1.4
365 1 1.53333
366 1 1.83333
367 1 1.86667
368 1 1.83333
369 1 1.7
370 1 1.66667
371 1 1.66667
372 1 2.23333
373 1 2.13333
374 1 1.96667
375 1 1.8
376 1 2.06667
377 1 2.13333
378 1 2.13333
379 1 1.93333
380 1 2.5
381 1 2.43333
382 1 1.86667
383 1 2.23333
384 1 2.06667
385 1 1.8
386 1 1.76667
387 1 1.53333
388 1 1.43333
389 1 1.4
390 1 1.26667
391 1 1.96667
392 1 1.6
393 1 1.7
394 1 1.7
395 1 1.4
396 1 1.7
397 1 1.6
398 1 1.4
399 1 1.56667
400 1 1.83333
401 1 2.13333
402 1 1.66667
403 1 1.96667
404 1 2.06667
405 1 1.76667
406 1 1.9
407 1 2.06667
408 1 1.96667
409 1 1.86667
410 1 1.73333
411 1 1.93333
412 1 1.83333
413 1 2
414 1 1.53333
415 1 1.33333
416 1 1.46667
417 1 2.1
418 1 1.5
419 1 1.7
420 1 1.73333
421 1 1.8
422 1 1.96667
423 1 1.63333
424 1 1.3
425 1 1.8
426 1 1.46667
427 1 1.76667
428 1 1.86667
429 1 2.4
430 1 2.1
431 1 2.03333
432 1 1.86667
433 1 2.03333
434 1 2.33333
435 1 2.03333
436 1 1.96667
437 1 1.8
438 1 1.7
439 1 1.66667
440 1 1.63333
441 1 2.13333
442 1 2.23333
443 1 2.06667
444 1 1.9
445 1 1.46667
446 1 1.6
447 1 1.46667
448 1 1.33333
449 1 1.56667
450 1 1.63333
451 1 1.36667
452 1 1.8
453 1 1.93333
454 1 1.8
455 1 1.53333
456 1 1.6
457 1 1.33333
458 1 1.66667
459 1 2.03333
460 1 1.33333
461 1 1.43333
462 1 2.16667
463 1 2.06667
464 1 2.03333
465 1 2.06667
466 1 1.63333
467 1 1.7
468 1 1.43333
469 1 2.03333
470 1 1.73333
471 1 1.9
472 1 1.56667
473 1 1.8
474 1 1.5
475 1 1.43333
476 1 1.66667
477 1 1.5
478 1 1.56667
479 1 1.33333
480 1 1.93333
481 1 1.76667
482 1 1.4
483 1 1.66667
484 1 1.83333
485 1 1.6
486 1 1.36667
487 1 1.43333
488 1 1.63333
489 1 1.63333
490 1 1.7
491 1 1.46667
492 1 1.6
493 1 1.63333
494 1 1.56667
495 1 1.6
496 1 1.63333
497 1 2.03333
498 1 1.86667
499 1 1.66667
500 1 1.83333
501 1 1.76667
502 1 1.53333
503 1 1.43333
504 1 1.76667
505 1 1.76667
506 1 1.86667
507 1 1.83333
508 1 1.83333
509 1 2.33333
510 1 1.86667
511 1 1.66667
512 1 1.56667
513 1 1.56667
514 1 1.93333
515 1 1.66667
516 1 1.83333
517 1 1.93333
518 1 1.96667
519 1 1.76667
520 1 1.76667
521 1 1.46667
522 1 1.7
523 1 1.46667
524 1 1.5
525 1 1.5
526 1 1.5
527 1 1.7
528 1 1.76667
529 1 1.96667
530 1 1.6
531 1 1.66667
532 1 1.83333
533 1 1.9
534 1 2.16667
535 1 1.56667
536 1 1.7
537 1 1.93333
538 1 2.03333
539 1 1.9
540 1 1.73333
541 1 1.93333
542 1 2
543 1 1.4
544 1 1.83333
545 1 1.93333
546 1 1.8
547 1 1.73333
548 1 1.76667
549 1 1.3
550 1 1.83333
551 1 1.73333
552 1 1.66667
553 1 1.8
554 1 2.2
555 1 2.06667
556 1 1.7
557 1 1.8
558 1 1.53333
559 1 1.43333
560 1 1.5
561 1 1.76667
562 1 1.33333
563 1 1.5
564 1 1.5
565 1 1.73333
566 1 1.8
567 1 1.63333
568 1 1.63333
569 1 1.56667
570 1 1.96667
571 1 1.9
572 1 2.03333
573 1 2.33333
574 1 2.23333
575 1 2.33333
576 1 1.5
577 1 1.36667
578 1 1.53333
579 1 1.6
580 1 1.66667
581 1 2.13333
582 1 1.7
583 1 1.6
584 1 1.9
585 1 1.76667
586 1 1.6
587 1 1.8
588 1 1.6
589 1 1.56667
590 1 1.4
591 1 1.56667
592 1 1.63333
593 1 1.3
594 1 1.8
595 1 1.46667
596 1 1.53333
597 1 1.46667
598 1 1.76667
599 1 1.56667
600 1 1.53333
601 1 1.7
602 1 1.8
603 1 1.56667
604 1 1.6
605 1 1.56667
606 1 1.36667
607 1 1.63333
608 1 1.36667
609 1 1.8
610 1 1.33333
611 1 1.7
612 1 1.46667
613 1 1.73333
614 1 1.56667
615 1 1.66667
616 1 1.86667
617 1 2.1
618 1 1.73333
619 1 1.96667
620 1 1.86667
621 1 1.73333
622 1 1.5
623 1 1.4
624 1 1.76667
625 1 1.76667
626 1 1.5
627 1 1.46667
628 1 1.96667
629 1 1.86667
630 1 1.93333
631 1 1.5
632 1 2
633 1 1.73333
634 1 1.5
635 1 1.7
636 1 1.8
637 1 2.2
638 1 1.9
639 1 1.66667
640 1 1.6
641 1 1.6
642 1 1.9
643 1 2.16667
644 1 1.9
645 1 2
646 1 1.86667
647 1 1.33333
648 1 1.63333
649 1 1.36667
650 1 1.53333
651 1 1.4
652 1 1.56667
653 1 1.56667
654 1 1.46667
655 1 1.56667
656 1 1.96667
657 1 1.8
658 1 1.73333
659 1 1.83333
660 1 1.86667
661 1 1.86667
662 1 1.66667
663 1 1.86667
664 1 1.93333
665 1 1.7
666 1 1.36667
667 1 1.63333
668 1 1.36667
669 1 1.3
670 1 1.36667
671 1 1.73333
672 1 1.6
673 1 1.86667
674 1 1.36667
675 1 1.53333
676 1 2.3
677 1 2.03333
678 1 1.8
679 1 1.56667
680 1 1.76667
681 1 1.93333
682 1 2.03333
683 1 1.96667
684 1 1.7
685 1 1.2
686 1 1.36667
687 1 1.56667
688 1 1.43333
689 1 1.63333
690 1 1.33333
691 1 1.43333
692 1 1.56667
693 1 1.6
694 1 2.1
695 1 1.53333
696 1 1.8
697 1 1.8
698 1 1.86667
699 1 1.56667
700 1 1.83333
701 1 2.06667
702 1 1.53333
703 1 1.46667
704 1 1.56667
705 1 1.7
706 1 1.86667
707 1 1.83333
708 1 1.93333
709 1 1.76667
710 1 1.8
711 1 1.76667
712 1 2.13333
713 1 1.73333
714 1 1.86667
715 1 2.26667
716 1 1.93333
717 1 1.93333
718 1 1.56667
719 1 1.26667
720 1 1.3
721 1 1.8
722 1 2.03333
723 1 1.96667
724 1 1.8
725 1 1.76667
726 1 1.5
727 1 1.73333
728 1 1.9
729 1 1.63333
730 1 1.7
731 1 2.13333
732 1 1.7
733 1 1.56667
734 1 1.43333
735 1 1.63333
736 1 1.73333
737 1 1.86667
738 1 1.73333
739 1 1.8
740 1 1.9
741 1 1.63333
742 1 1.36667
743 1 1.5
744 1 1.43333
745 1 1.46667
746 1 1.6
747 1 1.73333
748 1 1.83333
749 1 1.63333
750 1 1.76667
751 1 1.83333
752 1 1.73333
753 1 1.63333
754 1 1.93333
755 1 1.66667
756 1 1.96667
757 1 1.9
758 1 1.4
759 1 1.46667
760 1 1.76667
761 1 1.8
762 1 1.86667
763 1 1.7
764 1 1.96667
765 1 1.7
766 1 1.36667
767 1 1.9
768 1 1.8
769 1 1.86667
770 1 1.83333
771 1 1.66667
772 1 2.23333
773 1 1.96667
774 1 2
775 1 1.93333
776 1 2.03333
777 1 2.23333
778 1 2.23333
779 1 2.26667
780 1 2.3
781 1 2.03333
782 1 1.76667
783 1 1.9
784 1 1.86667
785 1 1.76667
786 1 1.73333
787 1 1.26667
788 1 1.5
789 1 1.56667
790 1 1.73333
791 1 1.76667
792 1 1.7
793 1 1.96667
794 1 1.6
795 1 1.43333
796 1 1.23333
797 1 1.9
798 1 1.83333
799 1 1.96667
800 1 2.3
801 1 1.9
802 1 1.8
803 1 1.46667
804 1 1.53333
805 1 1.43333
806 1 1.36667
807 1 1.66667
808 1 1.76667
809 1 1.6
810 1 1.36667
811 1 1.73333
812 1 1.73333
813 1 1.73333
814 1 1.66667
815 1 1.6
816 1 1.5
817 1 1.5
818 1 1.7
819 1 1.6
820 1 1.96667
821 1 1.93333
822 1 1.7
823 1 1.6
824 1 1.93333
825 1 1.56667
826 1 2.2
827 1 2.73333
828 1 2.36667
829 1 2
830 1 2.06667
831 1 1.5
832 1 1.53333
833 1 2.13333
834 1 1.4
835 1 1.83333
836 1 1.6
837 1 1.66667
838 1 1.56667
839 1 1.66667
840 1 1.9
841 1 1.96667
842 1 1.86667
843 1 1.93333
844 1 1.8
845 1 1.56667
846 1 1.66667
847 1 1.6
848 1 1.8
849 1 1.5
850 1 1.9
851 1 1.93333
852 1 1.86667
853 1 1.6
854 1 2.06667
855 1 2.1
856 1 2.03333
857 1 1.66667
858 1 2
859 1 1.73333
860 1 1.5
861 1 1.6
862 1 1.66667
863 1 1.73333
864 1 1.86667
865 1 1.66667
866 1 1.56667
867 1 1.43333
868 1 1.66667
869 1 1.9
870 1 2.03333
871 1 2.23333
872 1 1.4
873 1 1.3
874 1 1.4
875 1 1.7
876 1 2.3
877 1 2.4
878 1 2.06667
879 1 1.83333
880 1 1.46667
881 1 1.56667
882 1 1.46667
883 1 2
884 1 1.7
885 1 1.56667
886 1 1.63333
887 1 1.76667
888 1 1.96667
889 1 1.73333
890 1 1.63333
891 1 1.76667
892 1 1.8
893 1 1.86667
894 1 1.76667
895 1 1.6
896 1 1.56667
897 1 1.46667
898 1 1.63333
899 1 1.56667
900 1 1.93333
901 1 1.73333
902 1 1.43333
903 1 1.7
904 1 1.46667
905 1 1.86667
906 1 2.16667
907 1 1.63333
908 1 1.63333
909 1 1.83333
910 1 1.93333
911 1 1.66667
912 1 1.7
913 1 1.83333
914 1 2
915 1 1.86667
916 1 1.66667
917 1 1.6
918 1 2.06667
919 1 1.6
920 1 2.03333
921 1 2.2
922 1 2
923 1 1.76667
924 1 1.9
925 1 1.96667
926 1 1.36667
927 1 1.9
928 1 1.5
929 1 1.36667
930 1 1.73333
931 1 2.03333
932 1 1.6
933 1 1.73333
934 1 1.36667
935 1 1.66667
936 1 1.56667
937 1 1.46667
938 1 1.83333
939 1 1.63333
940 1 1.26667
941 1 1.4
942 1 1.53333
943 1 1.9
944 1 2.03333
945 1 1.96667
946 1 1.86667
947 1 1.96667
948 1 1.96667
949 1 1.66667
950 1 1.8
951 1 1.96667
952 1 2.03333
953 1 1.6
954 1 1.16667
955 1 1.63333
956 1 1.66667
957 1 1.63333
958 1 1.33333
959 1 1.76667
960 1 1.7
961 1 2.06667
962 1 1.8
963 1 2.3
964 1 1.53333
965 1 1.73333
966 1 1.8
967 1 1.6
968 1 1.76667
969 1 1.43333
970 1 1.5
971 1 1.7
972 1 1.73333
973 1 1.76667
974 1 1.73333
975 1 1.76667
976 1 1.46667
977 1 1.4
978 1 1.53333
979 1 1.53333
980 1 1.56667
981 1 1.86667
982 1 1.93333
983 1 1.83333
984 1 1.73333
985 1 1.8
986 1 1.56667
987 1 1.53333
988 1 2
989 1 1.8
990 1 1.4
991 1 1.66667
992 1 1.86667
993 1 1.73333
994 1 1.93333
995 1 1.7
996 1 1.7
997 1 1.6
998 1 1.76667
999 1 1.8
1000 1 1.63333
