0 6 10.3
1 5 7.53333
2 5 6.66667
3 4 5.76667
4 4 5.16667
5 4 4.96667
6 4 4.93333
7 4 4.3
8 3 4.06667
9 3 3.83333
10 3 3.73333
11 2 3.2
12 2 2.93333
13 2 2.56667
14 2 2.06667
15 2 2.16667
16 2 2.23333
17 2 2.06667
18 2 2
19 2 2.1
20 2 2.1
21 2 2.13333
22 2 2.26667
23 2 2.16667
24 2 2.23333
25 2 2.03333
26 2 2.26667
27 2 2.3
28 2 2.16667
29 2 2.33333
30 2 2.23333
31 1 2.1
32 1 1.96667
33 1 1.7
34 1 1.3
35 1 1
36 1 1.1
37 1 1.13333
38 1 1.23333
39 1 1.3
40 1 1.43333
41 1 1.36667
42 1 1.36667
43 1 1.3
44 1 1.1
45 1 1.16667
46 1 1.33333
47 1 1
48 1 1.2
49 1 1.33333
50 1 1.3
51 1 1.1
52 1 1.13333
53 1 1.33333
54 1 1.16667
55 1 1.23333
56 1 1.06667
57 1 1.3
58 1 1.1
59 1 1.4
60 1 1.13333
61 1 1.16667
62 1 1.56667
63 1 1.53333
64 1 1.13333
65 1 1.23333
66 1 1.26667
67 1 1.16667
68 1 1
69 1 1.36667
70 1 1.2
71 1 1
72 1 1.26667
73 1 1.16667
74 1 1.2
75 1 1.2
76 1 1.4
77 1 1.16667
78 1 1.33333
79 1 1.13333
80 1 1.2
81 1 1.23333
82 1 1.16667
83 1 1.1
84 1 1.2
85 1 1.23333
86 1 1.1
87 1 1.3
88 1 1.2
89 1 1.3
90 1 1.06667
91 1 1.16667
92 1 1.43333
93 1 1.03333
94 1 1.13333
95 1 1.06667
96 1 1.33333
97 1 1.26667
98 1 1.2
99 1 1.23333
100 1 1.16667
101 1 1.43333
102 1 1.13333
103 1 1.13333
104 1 1.23333
105 1 1.26667
106 1 1.26667
107 1 1.26667
108 1 1.3
109 1 1.2
110 1 1.23333
111 1 1.13333
112 1 1.06667
113 1 1.4
114 1 1.33333
115 1 1.2
116 1 1.33333
117 1 1.36667
118 1 1.16667
119 1 1.43333
120 1 1.26667
121 1 1.03333
122 1 1.1
123 1 1.13333
124 1 1
125 1 1.23333
126 1 1.13333
127 1 1.1
128 1 1.26667
129 1 1.26667
130 1 1.26667
131 1 1.3
132 1 1.2
133 1 1.06667
134 1 1
135 1 1.53333
136 1 1.23333
137 1 1.2
138 1 1.26667
139 1 1.06667
140 1 1.3
141 1 1
142 1 1.06667
143 1 1.1
144 1 1.1
145 1 1.2
146 1 1.06667
147 1 1.13333
148 1 1.06667
149 1 1
150 1 1.36667
151 1 1.23333
152 1 1.06667
153 1 1.16667
154 1 1.2
155 1 1
156 1 1.16667
157 1 1.1
158 1 1.1
159 1 1
160 1 1.26667
161 1 1.4
162 1 1.13333
163 1 1.23333
164 1 1.2
165 1 1.16667
166 1 1.1
167 1 1.13333
168 1 1.23333
169 1 1.16667
170 1 1.13333
171 1 1.16667
172 1 1.3
173 1 1
174 1 1.26667
175 1 1.16667
176 1 1.43333
177 1 1.06667
178 1 1.43333
179 1 1.1
180 1 1.16667
181 1 1
182 1 1.1
183 1 1.13333
184 1 1.06667
185 1 1.1
186 1 1
187 1 1.4
188 1 1.33333
189 1 1.16667
190 1 1.1
191 1 1.13333
192 1 1.4
193 1 1.36667
194 1 1.13333
195 1 1.2
196 1 1
197 1 1.1
198 1 1.33333
199 1 1.23333
200 1 1.36667
201 1 1.2
202 1 1.2
203 1 1.13333
204 1 1.13333
205 1 1.16667
206 1 1.06667
207 1 1.16667
208 1 1.2
209 1 1.06667
210 1 1.33333
211 1 1.16667
212 1 1.26667
213 1 1.1
214 1 1.13333
215 1 1.13333
216 1 1.2
217 1 1.26667
218 1 1.2
219 1 1.16667
220 1 1.13333
221 1 1.16667
222 1 1.4
223 1 1.23333
224 1 1.1
225 1 1.33333
226 1 1.13333
227 1 1.1
228 1 1.3
229 1 1.2
230 1 1.36667
231 1 1.03333
232 1 1.2
233 1 1.36667
234 1 1.1
235 1 1.06667
236 1 1.23333
237 1 1.23333
238 1 1.36667
239 1 1.16667
240 1 1.03333
241 1 1.16667
242 1 1.13333
243 1 1
244 1 1.16667
245 1 1.23333
246 1 1.26667
247 1 1.16667
248 1 1.13333
249 1 1.2
250 1 1.16667
251 1 1
252 1 1.06667
253 1 1.13333
254 1 1.3
255 1 1.1
256 1 1.26667
257 1 1.2
258 1 1.23333
259 1 1.06667
260 1 1.23333
261 1 1.2
262 1 1.06667
263 1 1.23333
264 1 1.3
265 1 1.1
266 1 1.3
267 1 1.26667
268 1 1.26667
269 1 1.06667
270 1 1.13333
271 1 1.3
272 1 1.13333
273 1 1.2
274 1 1.4
275 1 1.2
276 1 1.16667
277 1 1.3
278 1 1.23333
279 1 1.26667
280 1 1.36667
281 1 1.1
282 1 1.23333
283 1 1.06667
284 1 1.1
285 1 1.03333
286 1 1.46667
287 1 1.06667
288 1 1.2
289 1 1.26667
290 1 1.03333
291 1 1.23333
292 1 1.06667
293 1 1.5
294 1 1.13333
295 1 1.36667
296 1 1.23333
297 1 1.23333
298 1 1.13333
299 1 1.2
300 1 1.46667
301 1 1.1
302 1 1.13333
303 1 1.3
304 1 1.1
305 1 1.33333
306 1 1.33333
307 1 1.13333
308 1 1.16667
309 1 1.13333
310 1 1.16667
311 1 1.46667
312 1 1.3
313 1 1.3
314 1 1.1
315 1 1.03333
316 1 1.36667
317 1 1.03333
318 1 1.16667
319 1 1.16667
320 1 1.3
321 1 1.03333
322 1 1.13333
323 1 1.2
324 1 1.2
325 1 1.26667
326 1 1.2
327 1 1.23333
328 1 1.03333
329 1 1.36667
330 1 1.23333
331 1 1.13333
332 1 1.03333
333 1 1.23333
334 1 1.1
335 1 1
336 1 1.33333
337 1 1.13333
338 1 1.13333
339 1 1.5
340 1 1.06667
341 1 1.06667
342 1 1.03333
343 1 1.06667
344 1 1.06667
345 1 1.1
346 1 1
347 1 1.03333
348 1 1.06667
349 1 1.16667
350 1 1.26667
351 1 1.2
352 1 1.23333
353 1 1.3
354 1 1.3
355 1 1.16667
356 1 1.1
357 1 1.13333
358 1 1.33333
359 1 1.16667
360 1 1.06667
361 1 1.33333
362 1 1.13333
363 1 1.16667
364 1 1.36667
365 1 1.33333
366 1 1.03333
367 1 1
368 1 1.2
369 1 1.03333
370 1 1.3
371 1 1.23333
372 1 1.13333
373 1 1.1
374 1 1.06667
375 1 1.06667
376 1 1.13333
377 1 1.36667
378 1 1.13333
379 1 1.1
380 1 1.13333
381 1 1.26667
382 1 1.03333
383 1 1.1
384 1 1.1
385 1 1.16667
386 1 1.33333
387 1 1.56667
388 1 1.23333
389 1 1.1
390 1 1.26667
391 1 1.4
392 1 1.2
393 1 1
394 1 1.13333
395 1 1.2
396 1 1.1
397 1 1.33333
398 1 1.13333
399 1 1.1
400 1 1.16667
401 1 1.3
402 1 1.03333
403 1 1.03333
404 1 1.26667
405 1 1.13333
406 1 1
407 1 1.23333
408 1 1.13333
409 1 1.2
410 1 1
411 1 1.16667
412 1 1.03333
413 1 1.13333
414 1 1.3
415 1 1.06667
416 1 1.16667
417 1 1.23333
418 1 1.1
419 1 1.43333
420 1 1.2
421 1 1.13333
422 1 1.26667
423 1 1.4
424 1 1.2
425 1 1.4
426 1 1.03333
427 1 1
428 1 1.16667
429 1 1.13333
430 1 1.1
431 1 1.06667
432 1 1.13333
433 1 1.2
434 1 1.1
435 1 1
436 1 1.26667
437 1 1.43333
438 1 1.1
439 1 1.13333
440 1 1.23333
441 1 1.03333
442 1 1.16667
443 1 1.3
444 1 1.33333
445 1 1.1
446 1 1.13333
447 1 1.13333
448 1 1.06667
449 1 1.03333
450 1 1.36667
451 1 1.23333
452 1 1.2
453 1 1.06667
454 1 1.06667
455 1 1.23333
456 1 1.03333
457 1 1
458 1 1.16667
459 1 1.23333
460 1 1
461 1 1.2
462 1 1.06667
463 1 1.16667
464 1 1.13333
465 1 1.13333
466 1 1.16667
467 1 1.06667
468 1 1.1
469 1 1.26667
470 1 1.3
471 1 1.06667
472 1 1.26667
473 1 1.1
474 1 1.23333
475 1 1.16667
476 1 1.1
477 1 1.06667
478 1 1.36667
479 1 1.13333
480 1 1.16667
481 1 1.23333
482 1 1.23333
483 1 1.16667
484 1 1.36667
485 1 1.26667
486 1 1.1
487 1 1.16667
488 1 1.1
489 1 1.2
490 1 1.16667
491 1 1.4
492 1 1.16667
493 1 1.06667
494 1 1.43333
495 1 1.13333
496 1 1.3
497 1 1.13333
498 1 1.16667
499 1 1.13333
500 1 1.2
501 1 1.23333
502 1 1.53333
503 1 1.3
504 1 1.26667
505 1 1.16667
506 1 1.16667
507 1 1.33333
508 1 1.13333
509 1 1.13333
510 1 1.4
511 1 1.2
512 1 1.33333
513 1 1.16667
514 1 1.13333
515 1 1.33333
516 1 1.26667
517 1 1.03333
518 1 1.33333
519 1 1.03333
520 1 1
521 1 1.26667
522 1 1.26667
523 1 1.16667
524 1 1.06667
525 1 1.3
526 1 1.46667
527 1 1.3
528 1 1.16667
529 1 1.16667
530 1 1.2
531 1 1.13333
532 1 1.06667
533 1 1.23333
534 1 1.13333
535 1 1.13333
536 1 1.16667
537 1 1.1
538 1 1
539 1 1.2
540 1 1.06667
541 1 1.13333
542 1 1.2
543 1 1.1
544 1 1.06667
545 1 1.16667
546 1 1.3
547 1 1.13333
548 1 1
549 1 1.1
550 1 1.16667
551 1 1.13333
552 1 1.06667
553 1 1.2
554 1 1.1
555 1 1.6
556 1 1.13333
557 1 1.23333
558 1 1.03333
559 1 1.1
560 1 1.23333
561 1 1.13333
562 1 1.2
563 1 1.16667
564 1 1.26667
565 1 1.23333
566 1 1.6
567 1 1.2
568 1 1.16667
569 1 1.03333
570 1 1
571 1 1.36667
572 1 1.1
573 1 1.3
574 1 1.03333
575 1 1.16667
576 1 1.4
577 1 1.13333
578 1 1.26667
579 1 1.43333
580 1 1.06667
581 1 1.13333
582 1 1.36667
583 1 1.1
584 1 1.13333
585 1 1.26667
586 1 1.26667
587 1 1.26667
588 1 1.13333
589 1 1.2
590 1 1.06667
591 1 1.23333
592 1 1.16667
593 1 1.13333
594 1 1.2
595 1 1.1
596 1 1.13333
597 1 1.16667
598 1 1.16667
599 1 1.3
600 1 1.13333
601 1 1
602 1 1
603 1 1.16667
604 1 1.1
605 1 1.3
606 1 1.16667
607 1 1.06667
608 1 1.16667
609 1 1.26667
610 1 1.2
611 1 1.03333
612 1 1.3
613 1 1.23333
614 1 1.16667
615 1 1.33333
616 1 1.26667
617 1 1
618 1 1.13333
619 1 1
620 1 1.33333
621 1 1.1
622 1 1.16667
623 1 1.13333
624 1 1.43333
625 1 1.43333
626 1 1.1
627 1 1.1
628 1 1
629 1 1.13333
630 1 1.3
631 1 1.5
632 1 1.1
633 1 1.26667
634 1 1.03333
635 1 1.13333
636 1 1.1
637 1 1.13333
638 1 1
639 1 1.16667
640 1 1.36667
641 1 1
642 1 1.06667
643 1 1.66667
644 1 1.2
645 1 1.1
646 1 1.06667
647 1 1.23333
648 1 1.26667
649 1 1.33333
650 1 1.16667
651 1 1.06667
652 1 1.26667
653 1 1.2
654 1 1.5
655 1 1.03333
656 1 1.26667
657 1 1.13333
658 1 1.1
659 1 1.3
660 1 1.26667
661 1 1.2
662 1 1.3
663 1 1.3
664 1 1.16667
665 1 1.13333
666 1 1.13333
667 1 1.06667
668 1 1.16667
669 1 1.03333
670 1 1.23333
671 1 1.26667
672 1 1.03333
673 1 1.2
674 1 1.2
675 1 1.1
676 1 1.3
677 1 1.2
678 1 1.06667
679 1 1.16667
680 1 1.63333
681 1 1.13333
682 1 1.1
683 1 1.23333
684 1 1.16667
685 1 1.33333
686 1 1.13333
687 1 1.13333
688 1 1.16667
689 1 1.13333
690 1 1.7
691 1 1.23333
692 1 1.16667
693 1 1.46667
694 1 1.23333
695 1 1
696 1 1.13333
697 1 1.13333
698 1 1.06667
699 1 1.06667
700 1 1.16667
701 1 1.13333
702 1 1.06667
703 1 1.13333
704 1 1.33333
705 1 1.26667
706 1 1.1
707 1 1.1
708 1 1.16667
709 1 1.13333
710 1 1.23333
711 1 1.26667
712 1 1.16667
713 1 1.26667
714 1 1.3
715 1 1.26667
716 1 1.2
717 1 1.1
718 1 1.06667
719 1 1.4
720 1 1.4
721 1 1.43333
722 1 1.33333
723 1 1.06667
724 1 1
725 1 1.03333
726 1 1.23333
727 1 1.43333
728 1 1.6
729 1 1.1
730 1 1.13333
731 1 1.13333
732 1 1.3
733 1 1.16667
734 1 1.06667
735 1 1.23333
736 1 1.06667
737 1 1.1
738 1 1.06667
739 1 1.2
740 1 1.33333
741 1 1
742 1 1.06667
743 1 1.16667
744 1 1.16667
745 1 1.16667
746 1 1.16667
747 1 1.36667
748 1 1.3
749 1 1.3
750 1 1.1
751 1 1
752 1 1.4
753 1 1.2
754 1 1.06667
755 1 1.33333
756 1 1.46667
757 1 1
758 1 1.26667
759 1 1.16667
760 1 1
761 1 1.13333
762 1 1.23333
763 1 1.03333
764 1 1.1
765 1 1.16667
766 1 1.23333
767 1 1.26667
768 1 1.23333
769 1 1.16667
770 1 1.3
771 1 1.13333
772 1 1.23333
773 1 1.4
774 1 1.2
775 1 1.1
776 1 1.23333
777 1 1.43333
778 1 1.26667
779 1 1.16667
780 1 1.2
781 1 1.23333
782 1 1.23333
783 1 1.03333
784 1 1.13333
785 1 1.4
786 1 1
787 1 1.16667
788 1 1.1
789 1 1.3
790 1 1.23333
791 1 1.4
792 1 1.03333
793 1 1.06667
794 1 1.2
795 1 1.1
796 1 1.2
797 1 1.06667
798 1 1.06667
799 1 1.23333
800 1 1.33333
801 1 1.13333
802 1 1.26667
803 1 1.3
804 1 1.16667
805 1 1.3
806 1 1.26667
807 1 1.13333
808 1 1.03333
809 1 1.23333
810 1 1.33333
811 1 1.1
812 1 1.2
813 1 1.2
814 1 1.06667
815 1 1.13333
816 1 1.16667
817 1 1.06667
818 1 1.2
819 1 1.16667
820 1 1.36667
821 1 1
822 1 1.4
823 1 1.33333
824 1 1.2
825 1 1.16667
826 1 1.33333
827 1 1.03333
828 1 1.16667
829 1 1.26667
830 1 1.4
831 1 1.2
832 1 1.06667
833 1 1.13333
834 1 1.4
835 1 1.3
836 1 1.13333
837 1 1.16667
838 1 1.06667
839 1 1.06667
840 1 1.06667
841 1 1.16667
842 1 1.06667
843 1 1.3
844 1 1.4
845 1 1
846 1 1.26667
847 1 1.1
848 1 1.13333
849 1 1.2
850 1 1.16667
851 1 1.2
852 1 1.2
853 1 1.43333
854 1 1.1
855 1 1.13333
856 1 1.16667
857 1 1.1
858 1 1.26667
859 1 1.13333
860 1 1.23333
861 1 1.13333
862 1 1.26667
863 1 1.23333
864 1 1.06667
865 1 1.4
866 1 1.36667
867 1 1.13333
868 1 1.2
869 1 1.13333
870 1 1.26667
871 1 1.13333
872 1 1.43333
873 1 1
874 1 1.5
875 1 1.23333
876 1 1.23333
877 1 1.23333
878 1 1.2
879 1 1.26667
880 1 1.23333
881 1 1.16667
882 1 1.3
883 1 1.23333
884 1 1.23333
885 1 1
886 1 1.2
887 1 1.23333
888 1 1.2
889 1 1.13333
890 1 1.1
891 1 1.36667
892 1 1.13333
893 1 1.23333
894 1 1.06667
895 1 1.16667
896 1 1.3
897 1 1.06667
898 1 1.4
899 1 1
900 1 1.33333
901 1 1.2
902 1 1.06667
903 1 1.1
904 1 1.2
905 1 1.16667
906 1 1.16667
907 1 1.03333
908 1 1.3
909 1 1
910 1 1
911 1 1.36667
912 1 1.3
913 1 1.13333
914 1 1.23333
915 1 1
916 1 1.26667
917 1 1.3
918 1 1.1
919 1 1.2
920 1 1.13333
921 1 1.06667
922 1 1.33333
923 1 1.16667
924 1 1.26667
925 1 1.06667
926 1 1.16667
927 1 1.06667
928 1 1.2
929 1 1.1
930 1 1.3
931 1 1.23333
932 1 1.23333
933 1 1.03333
934 1 1.13333
935 1 1.2
936 1 1.2
937 1 1.26667
938 1 1.2
939 1 1.23333
940 1 1
941 1 1.1
942 1 1.06667
943 1 1
944 1 1.2
945 1 1.4
946 1 1.06667
947 1 1.3
948 1 1.13333
949 1 1.13333
950 1 1.2
951 1 1.16667
952 1 1.26667
953 1 1.16667
954 1 1.1
955 1 1.1
956 1 1.06667
957 1 1.06667
958 1 1.06667
959 1 1.66667
960 1 1.23333
961 1 1.13333
962 1 1.3
963 1 1.5
964 1 1.16667
965 1 1.06667
966 1 1.23333
967 1 1.23333
968 1 1.2
969 1 1.3
970 1 1.36667
971 1 1.33333
972 1 1.3
973 1 1.03333
974 1 1.2
975 1 1.23333
976 1 1.3
977 1 1.1
978 1 1.23333
979 1 1.06667
980 1 1.13333
981 1 1.03333
982 1 1.1
983 1 1
984 1 1.26667
985 1 1.3
986 1 1.26667
987 1 1.26667
988 1 1.23333
989 1 1.23333
990 1 1.26667
991 1 1.3
992 1 1.1
993 1 1.2
994 1 1
995 1 1.13333
996 1 1.06667
997 1 1.3
998 1 1.16667
999 1 1.2
1000 1 1.43333
