0 6 10.24
1 4 9.1
2 4 7.2
3 4 6.7
4 3 5.66
5 3 5.3
6 3 5.26
7 3 4.78
8 3 4.66
9 2 3.6
10 2 3.1
11 1 2.82
12 1 2.32
13 1 1.82
14 1 1.8
15 1 1.54
16 1 1.56
17 1 1.6
18 1 1.5
19 1 1.68
20 1 1.72
21 1 1.74
22 1 1.62
23 1 1.9
24 1 1.56
25 1 1.58
26 1 1.54
27 1 1.3
28 1 1.42
29 1 1.44
30 1 1.5
31 1 1.48
32 1 1.72
33 1 1.78
34 1 1.64
35 1 1.8
36 1 1.52
37 1 1.88
38 1 1.5
39 1 1.46
40 1 1.7
41 1 1.52
42 1 1.48
43 1 1.58
44 1 1.4
45 1 1.74
46 1 1.72
47 1 1.38
48 1 1.84
49 1 1.46
50 1 1.8
51 1 1.54
52 1 1.48
53 1 1.66
54 1 1.78
55 1 1.5
56 1 1.64
57 1 1.42
58 1 1.48
59 1 1.5
60 1 1.66
61 1 1.5
62 1 1.26
63 1 1.64
64 1 1.52
65 1 1.64
66 1 1.38
67 1 1.68
68 1 1.36
69 1 1.52
70 1 1.58
71 1 1.66
72 1 1.28
73 1 1.46
74 1 1.46
75 1 1.38
76 1 1.6
77 1 1.44
78 1 1.64
79 1 1.66
80 1 1.66
81 1 1.62
82 1 1.74
83 1 1.6
84 1 1.76
85 1 1.56
86 1 1.42
87 1 1.48
88 1 1.58
89 1 1.4
90 1 1.64
91 1 1.58
92 1 1.76
93 1 1.72
94 1 1.76
95 1 1.84
96 1 1.44
97 1 1.52
98 1 1.7
99 1 1.66
100 1 1.34
101 1 1.48
102 1 1.62
103 1 1.52
104 1 1.56
105 1 1.5
106 1 1.62
107 1 1.54
108 1 1.4
109 1 2.12
110 1 1.5
111 1 1.68
112 1 1.74
113 1 1.4
114 1 1.78
115 1 1.72
116 1 1.54
117 1 1.66
118 1 1.7
119 1 1.66
120 1 1.42
121 1 1.54
122 1 1.66
123 1 1.8
124 1 1.52
125 1 1.42
126 1 1.5
127 1 1.62
128 1 1.78
129 1 1.64
130 1 1.84
131 1 1.58
132 1 1.54
133 1 1.36
134 1 1.58
135 1 1.44
136 1 1.54
137 1 1.58
138 1 1.4
139 1 1.62
140 1 1.54
141 1 1.4
142 1 1.88
143 1 1.68
144 1 1.74
145 1 1.46
146 1 1.48
147 1 1.44
148 1 1.86
149 1 1.8
150 1 1.7
151 1 1.38
152 1 1.54
153 1 1.5
154 1 1.5
155 1 1.64
156 1 1.6
157 1 1.38
158 1 1.52
159 1 1.38
160 1 1.48
161 1 1.36
162 1 1.74
163 1 1.9
164 1 1.48
165 1 1.6
166 1 1.68
167 1 1.56
168 1 1.46
169 1 1.84
170 1 1.66
171 1 1.38
172 1 1.7
173 1 1.98
174 1 1.5
175 1 1.54
176 1 1.62
177 1 1.52
178 1 1.42
179 1 1.52
180 1 1.64
181 1 1.72
182 1 1.62
183 1 1.58
184 1 1.4
185 1 1.58
186 1 1.76
187 1 1.7
188 1 1.76
189 1 1.82
190 1 1.56
191 1 1.48
192 1 1.42
193 1 1.8
194 1 1.6
195 1 1.76
196 1 1.86
197 1 1.42
198 1 1.58
199 1 1.58
200 1 1.46
201 1 1.42
202 1 1.78
203 1 1.74
204 1 1.66
205 1 1.66
206 1 1.46
207 1 1.5
208 1 1.64
209 1 1.62
210 1 1.66
211 1 1.7
212 1 1.46
213 1 1.4
214 1 1.84
215 1 1.56
216 1 1.66
217 1 1.64
218 1 1.44
219 1 1.66
220 1 1.9
221 1 1.46
222 1 1.54
223 1 1.72
224 1 1.4
225 1 1.7
226 1 1.52
227 1 1.58
228 1 1.7
229 1 1.66
230 1 1.68
231 1 1.7
232 1 1.66
233 1 1.52
234 1 1.5
235 1 1.68
236 1 1.56
237 1 1.38
238 1 1.48
239 1 1.6
240 1 1.86
241 1 1.54
242 1 1.68
243 1 1.46
244 1 1.48
245 1 1.62
246 1 1.64
247 1 1.62
248 1 1.58
249 1 1.54
250 1 1.6
251 1 1.4
252 1 1.46
253 1 1.46
254 1 1.6
255 1 1.76
256 1 1.8
257 1 1.64
258 1 1.6
259 1 1.76
260 1 1.68
261 1 1.62
262 1 1.72
263 1 1.54
264 1 1.46
265 1 1.6
266 1 1.68
267 1 1.68
268 1 1.7
269 1 1.8
270 1 1.54
271 1 1.5
272 1 1.42
273 1 1.7
274 1 1.86
275 1 1.64
276 1 1.84
277 1 1.56
278 1 1.9
279 1 1.62
280 1 1.5
281 1 1.5
282 1 1.42
283 1 1.36
284 1 1.76
285 1 1.8
286 1 1.5
287 1 1.46
288 1 2.04
289 1 1.66
290 1 1.8
291 1 1.72
292 1 1.46
293 1 1.62
294 1 1.56
295 1 1.68
296 1 1.54
297 1 1.4
298 1 1.48
299 1 1.48
300 1 1.62
301 1 1.58
302 1 1.52
303 1 1.44
304 1 1.96
305 1 1.62
306 1 1.68
307 1 1.78
308 1 1.72
309 1 1.48
310 1 1.6
311 1 1.74
312 1 1.46
313 1 1.34
314 1 1.3
315 1 1.46
316 1 1.76
317 1 1.78
318 1 1.62
319 1 1.54
320 1 1.32
321 1 1.52
322 1 1.7
323 1 1.26
324 1 1.56
325 1 1.52
326 1 1.5
327 1 1.22
328 1 1.7
329 1 1.58
330 1 1.54
331 1 1.38
332 1 1.28
333 1 1.5
334 1 1.62
335 1 1.82
336 1 1.6
337 1 1.44
338 1 1.74
339 1 1.58
340 1 1.8
341 1 1.74
342 1 1.56
343 1 1.3
344 1 1.6
345 1 1.58
346 1 1.32
347 1 1.36
348 1 1.86
349 1 1.42
350 1 1.6
351 1 1.84
352 1 1.64
353 1 1.84
354 1 1.28
355 1 1.36
356 1 1.74
357 1 1.88
358 1 1.62
359 1 1.56
360 1 1.66
361 1 1.7
362 1 1.66
363 1 1.5
364 1 1.58
365 1 1.56
366 1 1.82
367 1 1.46
368 1 1.46
369 1 1.1
370 1 1.74
371 1 1.38
372 1 1.64
373 1 1.66
374 1 1.72
375 1 1.4
376 1 1.62
377 1 1.3
378 1 1.82
379 1 1.64
380 1 1.38
381 1 1.8
382 1 1.64
383 1 1.32
384 1 1.3
385 1 1.3
386 1 1.56
387 1 1.58
388 1 1.54
389 1 1.52
390 1 1.3
391 1 1.82
392 1 1.5
393 1 1.5
394 1 1.4
395 1 1.76
396 1 1.6
397 1 1.66
398 1 1.66
399 1 1.7
400 1 1.6
401 1 1.46
402 1 1.64
403 1 1.56
404 1 1.6
405 1 1.8
406 1 1.62
407 1 1.52
408 1 1.48
409 1 1.48
410 1 1.68
411 1 1.4
412 1 1.72
413 1 1.16
414 1 1.48
415 1 1.62
416 1 1.56
417 1 1.48
418 1 1.72
419 1 1.72
420 1 1.42
421 1 1.44
422 1 1.64
423 1 1.46
424 1 1.66
425 1 1.68
426 1 1.54
427 1 1.5
428 1 1.82
429 1 1.84
430 1 1.6
431 1 1.58
432 1 1.64
433 1 1.58
434 1 1.44
435 1 1.36
436 1 1.72
437 1 1.52
438 1 1.38
439 1 1.8
440 1 1.58
441 1 1.54
442 1 1.92
443 1 1.82
444 1 1.26
445 1 1.68
446 1 1.5
447 1 1.68
448 1 1.64
449 1 1.6
450 1 1.52
451 1 1.66
452 1 1.84
453 1 1.66
454 1 1.54
455 1 1.52
456 1 1.48
457 1 1.72
458 1 1.52
459 1 1.36
460 1 1.56
461 1 1.46
462 1 1.38
463 1 1.82
464 1 1.58
465 1 1.48
466 1 1.78
467 1 1.44
468 1 1.44
469 1 1.52
470 1 1.4
471 1 1.64
472 1 1.56
473 1 1.64
474 1 1.8
475 1 1.68
476 1 1.5
477 1 1.62
478 1 1.96
479 1 1.4
480 1 1.76
481 1 1.36
482 1 1.5
483 1 1.6
484 1 1.38
485 1 1.5
486 1 1.52
487 1 1.62
488 1 1.64
489 1 1.42
490 1 1.62
491 1 1.36
492 1 1.62
493 1 1.5
494 1 1.54
495 1 1.42
496 1 1.48
497 1 1.34
498 1 1.56
499 1 1.64
500 1 1.8
501 1 1.74
502 1 1.4
503 1 1.88
504 1 1.44
505 1 1.56
506 1 1.6
507 1 1.76
508 1 1.42
509 1 1.62
510 1 1.36
511 1 1.58
512 1 1.6
513 1 1.62
514 1 1.7
515 1 1.58
516 1 1.38
517 1 1.42
518 1 1.5
519 1 1.8
520 1 1.58
521 1 1.64
522 1 1.66
523 1 1.36
524 1 1.52
525 1 1.4
526 1 1.44
527 1 1.54
528 1 1.5
529 1 1.62
530 1 1.78
531 1 1.7
532 1 1.46
533 1 1.66
534 1 1.42
535 1 1.68
536 1 1.72
537 1 1.44
538 1 1.74
539 1 1.38
540 1 1.56
541 1 1.5
542 1 1.28
543 1 1.68
544 1 1.52
545 1 1.66
546 1 1.64
547 1 1.6
548 1 1.36
549 1 1.42
550 1 1.64
551 1 1.28
552 1 1.6
553 1 1.44
554 1 1.72
555 1 1.46
556 1 1.64
557 1 1.66
558 1 1.56
559 1 1.28
560 1 1.7
561 1 1.68
562 1 1.66
563 1 1.6
564 1 1.48
565 1 1.66
566 1 1.54
567 1 1.62
568 1 1.48
569 1 1.4
570 1 1.42
571 1 1.42
572 1 1.66
573 1 1.48
574 1 1.64
575 1 1.76
576 1 1.58
577 1 1.52
578 1 1.66
579 1 1.48
580 1 1.66
581 1 1.46
582 1 1.66
583 1 1.44
584 1 1.72
585 1 1.5
586 1 1.64
587 1 1.36
588 1 1.7
589 1 2
590 1 1.58
591 1 1.6
592 1 1.56
593 1 1.36
594 1 1.5
595 1 1.6
596 1 1.78
597 1 1.7
598 1 1.66
599 1 1.58
600 1 1.64
601 1 1.62
602 1 1.44
603 1 1.66
604 1 1.3
605 1 1.56
606 1 1.52
607 1 1.68
608 1 1.46
609 1 1.82
610 1 1.76
611 1 1.6
612 1 1.5
613 1 1.5
614 1 1.52
615 1 1.68
616 1 1.9
617 1 1.64
618 1 1.46
619 1 1.72
620 1 1.76
621 1 1.72
622 1 1.46
623 1 1.46
624 1 1.48
625 1 1.56
626 1 1.38
627 1 1.4
628 1 1.62
629 1 1.44
630 1 1.7
631 1 1.54
632 1 1.44
633 1 1.78
634 1 1.94
635 1 1.4
636 1 1.62
637 1 1.38
638 1 1.68
639 1 1.4
640 1 1.44
641 1 1.82
642 1 1.68
643 1 1.48
644 1 1.82
645 1 1.56
646 1 1.68
647 1 1.6
648 1 1.64
649 1 1.58
650 1 1.46
651 1 1.72
652 1 1.58
653 1 1.76
654 1 1.44
655 1 1.46
656 1 1.44
657 1 1.68
658 1 1.58
659 1 1.66
660 1 1.68
661 1 1.32
662 1 1.5
663 1 1.32
664 1 1.5
665 1 1.34
666 1 1.48
667 1 1.62
668 1 1.58
669 1 1.56
670 1 1.9
671 1 1.72
672 1 1.32
673 1 1.48
674 1 1.28
675 1 1.44
676 1 1.6
677 1 1.12
678 1 1.6
679 1 1.58
680 1 1.56
681 1 1.52
682 1 1.48
683 1 1.8
684 1 1.52
685 1 1.5
686 1 1.58
687 1 1.56
688 1 1.5
689 1 1.48
690 1 1.54
691 1 1.62
692 1 1.36
693 1 1.94
694 1 1.68
695 1 1.88
696 1 1.56
697 1 1.82
698 1 1.66
699 1 1.86
700 1 1.56
701 1 1.36
702 1 1.46
703 1 1.6
704 1 1.5
705 1 1.5
706 1 1.54
707 1 1.68
708 1 1.42
709 1 1.72
710 1 1.52
711 1 1.46
712 1 1.72
713 1 1.94
714 1 1.3
715 1 1.52
716 1 1.54
717 1 1.4
718 1 1.6
719 1 1.86
720 1 1.68
721 1 1.62
722 1 1.64
723 1 1.5
724 1 1.62
725 1 1.34
726 1 1.5
727 1 1.82
728 1 1.64
729 1 1.6
730 1 1.76
731 1 1.62
732 1 1.56
733 1 1.64
734 1 1.56
735 1 1.6
736 1 1.6
737 1 1.6
738 1 1.6
739 1 1.58
740 1 1.58
741 1 1.72
742 1 1.58
743 1 1.42
744 1 1.8
745 1 1.56
746 1 1.68
747 1 1.6
748 1 1.74
749 1 1.78
750 1 1.54
751 1 1.8
752 1 1.58
753 1 1.72
754 1 1.58
755 1 1.7
756 1 1.66
757 1 1.62
758 1 1.54
759 1 1.62
760 1 1.52
761 1 1.7
762 1 1.7
763 1 1.6
764 1 1.6
765 1 1.52
766 1 1.48
767 1 1.38
768 1 1.78
769 1 1.5
770 1 1.54
771 1 1.32
772 1 1.46
773 1 1.42
774 1 1.98
775 1 1.42
776 1 1.54
777 1 1.38
778 1 1.58
779 1 1.78
780 1 1.52
781 1 1.42
782 1 1.86
783 1 1.74
784 1 1.56
785 1 1.58
786 1 1.34
787 1 1.6
788 1 1.58
789 1 1.5
790 1 1.74
791 1 1.48
792 1 1.72
793 1 1.46
794 1 1.3
795 1 1.34
796 1 1.28
797 1 1.72
798 1 1.52
799 1 1.56
800 1 1.52
801 1 1.56
802 1 1.58
803 1 1.48
804 1 1.6
805 1 1.64
806 1 1.6
807 1 1.48
808 1 1.56
809 1 1.22
810 1 1.74
811 1 1.58
812 1 1.36
813 1 1.64
814 1 1.52
815 1 1.3
816 1 1.76
817 1 1.56
818 1 1.42
819 1 1.78
820 1 1.46
821 1 2.06
822 1 1.58
823 1 1.72
824 1 1.58
825 1 1.78
826 1 1.64
827 1 1.44
828 1 1.46
829 1 1.32
830 1 1.48
831 1 1.58
832 1 1.68
833 1 2
834 1 1.56
835 1 1.28
836 1 1.82
837 1 1.54
838 1 1.3
839 1 1.5
840 1 1.54
841 1 1.54
842 1 1.68
843 1 1.48
844 1 1.44
845 1 1.6
846 1 1.48
847 1 1.46
848 1 1.72
849 1 1.7
850 1 1.42
851 1 1.56
852 1 1.44
853 1 1.6
854 1 1.76
855 1 1.64
856 1 1.52
857 1 1.7
858 1 1.42
859 1 1.66
860 1 1.6
861 1 1.28
862 1 1.5
863 1 1.88
864 1 1.4
865 1 1.4
866 1 1.92
867 1 1.46
868 1 1.3
869 1 1.6
870 1 1.4
871 1 1.46
872 1 1.58
873 1 1.52
874 1 1.28
875 1 1.58
876 1 1.6
877 1 1.52
878 1 1.56
879 1 1.9
880 1 1.84
881 1 1.8
882 1 1.58
883 1 1.5
884 1 1.56
885 1 1.54
886 1 1.44
887 1 1.32
888 1 1.76
889 1 1.7
890 1 1.5
891 1 1.46
892 1 1.52
893 1 1.62
894 1 1.46
895 1 1.58
896 1 1.66
897 1 1.78
898 1 1.68
899 1 1.64
900 1 1.66
901 1 1.5
902 1 1.6
903 1 1.6
904 1 1.76
905 1 1.72
906 1 1.36
907 1 1.44
908 1 1.56
909 1 1.26
910 1 1.9
911 1 1.76
912 1 1.5
913 1 1.36
914 1 1.78
915 1 1.4
916 1 1.32
917 1 1.28
918 1 1.82
919 1 1.84
920 1 1.36
921 1 1.72
922 1 1.44
923 1 1.86
924 1 1.36
925 1 1.24
926 1 1.62
927 1 1.64
928 1 1.54
929 1 1.62
930 1 1.58
931 1 1.44
932 1 1.48
933 1 1.32
934 1 1.36
935 1 1.54
936 1 1.48
937 1 1.82
938 1 1.68
939 1 1.38
940 1 1.36
941 1 1.42
942 1 1.74
943 1 1.34
944 1 1.56
945 1 1.38
946 1 1.52
947 1 1.42
948 1 1.62
949 1 1.42
950 1 1.76
951 1 1.92
952 1 1.54
953 1 1.42
954 1 1.5
955 1 1.5
956 1 1.58
957 1 1.14
958 1 1.44
959 1 1.36
960 1 1.6
961 1 1.14
962 1 1.8
963 1 1.54
964 1 1.64
965 1 1.74
966 1 1.72
967 1 1.68
968 1 1.58
969 1 1.8
970 1 1.48
971 1 1.82
972 1 1.76
973 1 1.56
974 1 1.52
975 1 1.48
976 1 1.64
977 1 1.52
978 1 1.54
979 1 1.64
980 1 1.34
981 1 1.5
982 1 1.48
983 1 1.76
984 1 1.54
985 1 1.54
986 1 1.54
987 1 1.68
988 1 1.84
989 1 1.78
990 1 1.48
991 1 1.56
992 1 1.44
993 1 1.5
994 1 1.52
995 1 1.78
996 1 1.36
997 1 1.68
998 1 1.4
999 1 1.88
1000 1 1.56
