0 7 10.9
1 6 10.0333
2 6 9.13333
3 5 8.63333
4 5 8.6
5 5 8.16667
6 5 7.13333
7 4 6.33333
8 4 6.73333
9 3 6.26667
10 3 5.73333
11 3 5.3
12 2 4.86667
13 2 4.13333
14 2 3.93333
15 1 3.56667
16 1 2.9
17 1 2.6
18 1 3.06667
19 1 2.8
20 1 2.5
21 1 2.7
22 1 2.36667
23 1 2.23333
24 1 2.23333
25 1 1.83333
26 1 1.86667
27 1 1.43333
28 1 1.53333
29 1 1.36667
30 1 1.33333
31 1 1.53333
32 1 1.8
33 1 1.96667
34 1 1.93333
35 1 1.7
36 1 2.03333
37 1 1.76667
38 1 1.66667
39 1 1.6
40 1 1.43333
41 1 1.76667
42 1 1.53333
43 1 1.96667
44 1 1.8
45 1 1.46667
46 1 1.43333
47 1 1.73333
48 1 1.96667
49 1 1.93333
50 1 1.9
51 1 1.86667
52 1 2.33333
53 1 2.26667
54 1 1.93333
55 1 1.96667
56 1 1.66667
57 1 1.73333
58 1 1.8
59 1 1.36667
60 1 1.9
61 1 1.66667
62 1 1.76667
63 1 1.56667
64 0 1.3
