0 6 10.3
1 5 7.4
2 4 6.9
3 4 5.66667
4 4 5.7
5 4 5.4
6 4 5.53333
7 4 4.86667
8 3 5.2
9 3 4.43333
10 3 4.03333
11 3 3.2
12 3 3.26667
13 3 3.13333
14 3 3.36667
15 2 3.6
16 2 3.26667
17 2 3.26667
18 2 2.6
19 2 2.66667
20 2 2.63333
21 2 2.36667
22 2 2.16667
23 2 2.7
24 2 2.66667
25 2 2.43333
26 2 2.46667
27 2 2.23333
28 2 2.3
29 2 2.2
30 2 2.6
31 2 2.36667
32 2 2.8
33 1 2.36667
34 1 2.23333
35 1 1.83333
36 1 1.53333
37 1 1.7
38 1 1.83333
39 1 1.66667
40 1 1.3
41 1 1.3
42 1 1.63333
43 1 1.66667
44 1 1.5
45 1 1.3
46 1 1.3
47 1 1.46667
48 1 1.53333
49 1 1.46667
50 1 1.76667
51 1 1.7
52 1 1.86667
53 1 1.9
54 1 1.9
55 1 1.4
56 1 1.7
57 1 1.53333
58 1 1.5
59 1 1.56667
60 1 1.73333
61 1 1.16667
62 1 1.63333
63 1 1.5
64 1 1.7
65 1 1.5
66 1 1.6
67 1 1.46667
68 1 1.43333
69 1 1.43333
70 1 1.53333
71 1 1.56667
72 1 1.5
73 1 1.5
74 1 1.6
75 1 1.66667
76 1 1.53333
77 1 1.66667
78 1 1.4
79 1 1.5
80 1 1.83333
81 1 1.8
82 1 1.6
83 1 1.33333
84 1 1.46667
85 1 1.63333
86 1 1.43333
87 1 1.56667
88 1 1.53333
89 1 1.36667
90 1 1.56667
91 1 1.8
92 1 1.63333
93 1 1.9
94 1 2.13333
95 1 1.43333
96 1 1.26667
97 1 1.5
98 1 1.36667
99 1 1.93333
100 1 1.36667
101 1 1.5
102 1 1.43333
103 1 1.5
104 1 1.2
105 1 1.4
106 1 1.7
107 1 1.83333
108 1 1.5
109 1 1.56667
110 1 1.43333
111 1 1.6
112 1 1.66667
113 1 1.66667
114 1 1.56667
115 1 1.36667
116 1 1.26667
117 1 1.7
118 1 1.6
119 1 1.7
120 1 1.4
121 1 1.4
122 1 1.5
123 1 1.43333
124 1 1.63333
125 1 1.56667
126 1 1.8
127 1 1.56667
128 1 1.36667
129 1 1.53333
130 1 1.56667
131 1 1.53333
132 1 1.36667
133 1 1.63333
134 1 1.63333
135 1 1.63333
136 1 1.56667
137 1 1.6
138 1 1.66667
139 1 1.36667
140 1 1.73333
141 1 1.46667
142 1 1.56667
143 1 1.16667
144 1 1.63333
145 1 1.53333
146 1 2.06667
147 1 1.46667
148 1 1.16667
149 1 1.33333
150 1 1.7
151 1 1.73333
152 1 1.46667
153 1 1.46667
154 1 1.63333
155 1 1.36667
156 1 1.4
157 1 1.83333
158 1 1.63333
159 1 1.46667
160 1 1.33333
161 1 1.36667
162 1 1.26667
163 1 1.56667
164 1 1.53333
165 1 1.13333
166 1 1.36667
167 1 1.36667
168 1 1.5
169 1 1.63333
170 1 1.56667
171 1 1.63333
172 1 1.46667
173 1 1.33333
174 1 1.46667
175 1 1.33333
176 1 1.53333
177 1 1.5
178 1 1.43333
179 1 1.5
180 1 1.6
181 1 1.56667
182 1 1.3
183 1 1.4
184 1 1.43333
185 1 1.33333
186 1 1.63333
187 1 1.56667
188 1 1.5
189 1 1.36667
190 1 1.6
191 1 1.93333
192 1 1.43333
193 1 1.76667
194 1 1.83333
195 1 1.4
196 1 1.93333
197 1 1.4
198 1 1.33333
199 1 1.43333
200 1 1.53333
201 1 1.36667
202 1 1.5
203 1 1.53333
204 1 1.53333
205 1 1.46667
206 1 1.56667
207 1 1.3
208 1 1.8
209 1 1.8
210 1 1.9
211 1 1.3
212 1 1.56667
213 1 1.43333
214 1 1.5
215 1 1.2
216 1 1.6
217 1 1.56667
218 1 1.53333
219 1 1.5
220 1 1.6
221 1 1.46667
222 1 1.36667
223 1 1.5
224 1 1.63333
225 1 1.63333
226 1 1.46667
227 1 1.43333
228 1 1.63333
229 1 1.8
230 1 1.36667
231 1 1.36667
232 1 1.76667
233 1 1.43333
234 1 1.56667
235 1 1.3
236 1 1.33333
237 1 1.73333
238 1 1.26667
239 1 1.4
240 1 1.53333
241 1 1.6
242 1 1.8
243 1 1.63333
244 1 1.46667
245 1 1.36667
246 1 1.66667
247 1 1.33333
248 1 1.53333
249 1 1.4
250 1 1.66667
251 1 1.63333
252 1 1.56667
253 1 1.43333
254 1 1.3
255 1 1.66667
256 1 1.3
257 1 1.43333
258 1 1.86667
259 1 1.7
260 1 1.66667
261 1 1.56667
262 1 1.73333
263 1 1.43333
264 1 1.73333
265 1 1.43333
266 1 1.36667
267 1 1.53333
268 1 1.56667
269 1 1.6
270 1 1.33333
271 1 1.46667
272 1 1.56667
273 1 1.53333
274 1 1.46667
275 1 1.46667
276 1 1.8
277 1 1.56667
278 1 1.96667
279 1 1.36667
280 1 1.46667
281 1 1.3
282 1 1.53333
283 1 1.56667
284 1 1.63333
285 1 1.7
286 1 1.76667
287 1 1.66667
288 1 1.46667
289 1 1.36667
290 1 1.33333
291 1 1.56667
292 1 1.46667
293 1 1.23333
294 1 1.6
295 1 1.36667
296 1 1.5
297 1 1.43333
298 1 1.43333
299 1 1.7
300 1 1.6
301 1 1.56667
302 1 1.36667
303 1 1.63333
304 1 1.66667
305 1 1.63333
306 1 1.86667
307 1 1.46667
308 1 1.66667
309 1 1.2
310 1 1.46667
311 1 1.5
312 1 1.36667
313 1 1.56667
314 1 1.56667
315 1 1.66667
316 1 1.43333
317 1 1.56667
318 1 2.1
319 1 1.63333
320 1 1.33333
321 1 1.46667
322 1 1.43333
323 1 1.53333
324 1 1.8
325 1 1.83333
326 1 1.63333
327 1 1.4
328 1 1.63333
329 1 1.46667
330 1 1.83333
331 1 1.7
332 1 1.5
333 1 1.66667
334 1 1.33333
335 1 1.2
336 1 1.53333
337 1 1.9
338 1 2.1
339 1 1.56667
340 1 1.8
341 1 1.36667
342 1 1.6
343 1 1.46667
344 1 1.33333
345 1 1.36667
346 1 1.56667
347 1 1.76667
348 1 1.53333
349 1 1.43333
350 1 1.26667
351 1 1.83333
352 1 1.76667
353 1 1.46667
354 1 1.6
355 1 1.63333
356 1 1.46667
357 1 1.2
358 1 1.7
359 1 1.33333
360 1 1.36667
361 1 1.43333
362 1 1.43333
363 1 1.5
364 1 1.46667
365 1 1.26667
366 1 1.6
367 1 1.5
368 1 1.66667
369 1 1.43333
370 1 1.5
371 1 1.76667
372 1 1.56667
373 1 1.56667
374 1 1.6
375 1 1.33333
376 1 1.53333
377 1 1.33333
378 1 1.9
379 1 1.43333
380 1 1.86667
381 1 1.36667
382 1 1.4
383 1 1.53333
384 1 1.5
385 1 1.4
386 1 1.23333
387 1 1.86667
388 1 1.66667
389 1 1.43333
390 1 1.56667
391 1 1.46667
392 1 1.5
393 1 1.3
394 1 1.53333
395 1 1.26667
396 1 1.26667
397 1 1.3
398 1 1.66667
399 1 1.53333
400 1 1.5
401 1 1.76667
402 1 1.76667
403 1 1.53333
404 1 1.46667
405 1 1.4
406 1 1.43333
407 1 1.26667
408 1 1.5
409 1 1.36667
410 1 1.46667
411 1 1.33333
412 1 1.5
413 1 1.43333
414 1 1.5
415 1 1.13333
416 1 1.8
417 1 1.36667
418 1 1.53333
419 1 1.4
420 1 1.8
421 1 1.5
422 1 1.6
423 1 1.53333
424 1 1.7
425 1 1.03333
426 1 1.53333
427 1 1.5
428 1 1.8
429 1 1.46667
430 1 1.5
431 1 1.53333
432 1 1.33333
433 1 1.3
434 1 1.76667
435 1 1.53333
436 1 1.6
437 1 1.4
438 1 1.73333
439 1 1.56667
440 1 1.36667
441 1 1.46667
442 1 1.56667
443 1 1.3
444 1 1.3
445 1 1.46667
446 1 1.46667
447 1 1.76667
448 1 1.43333
449 1 1.9
450 1 1.93333
451 1 1.43333
452 1 1.56667
453 1 1.66667
454 1 1.53333
455 1 1.53333
456 1 1.4
457 1 1.43333
458 1 1.7
459 1 1.46667
460 1 1.66667
461 1 1.3
462 1 1.63333
463 1 1.66667
464 1 1.5
465 1 1.43333
466 1 1.63333
467 1 1.66667
468 1 1.56667
469 1 1.6
470 1 1.6
471 1 1.36667
472 1 1.73333
473 1 1.4
474 1 1.26667
475 1 1.7
476 1 1.33333
477 1 1.56667
478 1 1.8
479 1 1.6
480 1 1.53333
481 1 1.26667
482 1 1.26667
483 1 1.73333
484 1 1.7
485 1 1.6
486 1 1.76667
487 1 1.63333
488 1 1.76667
489 1 1.26667
490 1 1.6
491 1 1.56667
492 1 1.33333
493 1 1.66667
494 1 1.76667
495 1 1.53333
496 1 1.43333
497 1 1.36667
498 1 1.13333
499 1 1.7
500 1 1.63333
501 1 1.53333
502 1 1.43333
503 1 1.56667
504 1 1.43333
505 1 1.6
506 1 1.6
507 1 1.5
508 1 1.56667
509 1 1.7
510 1 1.6
511 1 1.86667
512 1 1.23333
513 1 1.53333
514 1 1.76667
515 1 1.83333
516 1 1.5
517 1 1.36667
518 1 1.4
519 1 1.56667
520 1 1.23333
521 1 1.6
522 1 1.9
523 1 1.63333
524 1 1.8
525 1 1.4
526 1 1.2
527 1 1.66667
528 1 1.8
529 1 1.6
530 1 1.7
531 1 1.56667
532 1 1.53333
533 1 1.56667
534 1 1.7
535 1 1.4
536 1 1.63333
537 1 1.5
538 1 1.33333
539 1 1.3
540 1 1.66667
541 1 1.6
542 1 1.73333
543 1 1.6
544 1 1.7
545 1 1.36667
546 1 1.76667
547 1 1.9
548 1 1.46667
549 1 1.83333
550 1 1.6
551 1 1.36667
552 1 1.93333
553 1 1.5
554 1 1.4
555 1 1.53333
556 1 1.56667
557 1 1.6
558 1 1.6
559 1 1.73333
560 1 1.23333
561 1 1.46667
562 1 1.46667
563 1 1.5
564 1 1.4
565 1 1.53333
566 1 1.86667
567 1 1.36667
568 1 1.83333
569 1 1.56667
570 1 1.5
571 1 1.46667
572 1 1.5
573 1 1.43333
574 1 1.36667
575 1 1.36667
576 1 1.63333
577 1 1.3
578 1 1.6
579 1 1.46667
580 1 1.56667
581 1 1.4
582 1 1.46667
583 1 1.5
584 1 1.5
585 1 1.73333
586 1 1.56667
587 1 1.86667
588 1 1.7
589 1 1.73333
590 1 1.53333
591 1 1.7
592 1 1.16667
593 1 1.73333
594 1 1.3
595 1 1.5
596 1 1.7
597 1 1.36667
598 1 1.8
599 1 1.56667
600 1 2.16667
601 1 1.66667
602 1 1.6
603 1 1.46667
604 1 1.5
605 1 1.86667
606 1 1.76667
607 1 1.53333
608 1 1.7
609 1 1.86667
610 1 1.73333
611 1 1.6
612 1 1.56667
613 1 1.3
614 1 1.5
615 1 1.53333
616 1 1.63333
617 1 1.53333
618 1 1.53333
619 1 1.43333
620 1 1.33333
621 1 1.73333
622 1 1.56667
623 1 1.7
624 1 1.83333
625 1 1.73333
626 1 1.53333
627 1 1.46667
628 1 1.4
629 1 1.83333
630 1 1.83333
631 1 1.7
632 1 1.7
633 1 1.6
634 1 2.2
635 1 1.46667
636 1 1.33333
637 1 1.9
638 1 1.93333
639 1 1.53333
640 1 1.66667
641 1 1.4
642 1 1.36667
643 1 1.36667
644 1 1.53333
645 1 1.46667
646 1 1.13333
647 1 1.5
648 1 1.36667
649 1 1.53333
650 1 1.4
651 1 1.3
652 1 1.2
653 1 1.43333
654 1 1.46667
655 1 1.86667
656 1 1.9
657 1 1.63333
658 1 1.2
659 1 1.6
660 1 1.5
661 1 1.43333
662 1 1.43333
663 1 1.4
664 1 1.83333
665 1 1.5
666 1 1.63333
667 1 1.83333
668 1 1.16667
669 1 1.7
670 1 1.13333
671 1 1.53333
672 1 1.66667
673 1 1.8
674 1 1.56667
675 1 1.43333
676 1 1.7
677 1 1.46667
678 1 2.1
679 1 1.53333
680 1 1.23333
681 1 1.56667
682 1 1.63333
683 1 1.46667
684 1 1.43333
685 1 1.46667
686 1 1.56667
687 1 1.76667
688 1 1.36667
689 1 1.43333
690 1 1.5
691 1 1.46667
692 1 1.46667
693 1 1.43333
694 1 1.7
695 1 1.76667
696 1 1.43333
697 1 1.26667
698 1 1.4
699 1 1.8
700 1 1.46667
701 1 1.66667
702 1 1.8
703 1 1.2
704 1 1.53333
705 1 1.43333
706 1 1.7
707 1 1.4
708 1 1.5
709 1 1.76667
710 1 1.53333
711 1 1.46667
712 1 1.6
713 1 1.5
714 1 1.4
715 1 1.43333
716 1 1.16667
717 1 1.73333
718 1 1.46667
719 1 1.56667
720 1 1.53333
721 1 1.76667
722 1 1.36667
723 1 1.4
724 1 1.36667
725 1 1.3
726 1 1.43333
727 1 1.33333
728 1 1.33333
729 1 1.53333
730 1 1.56667
731 1 1.63333
732 1 1.56667
733 1 1.7
734 1 1.5
735 1 1.46667
736 1 1.56667
737 1 1.5
738 1 1.3
739 1 1.66667
740 1 1.53333
741 1 1.7
742 1 1.56667
743 1 1.43333
744 1 1.36667
745 1 1.3
746 1 1.56667
747 1 1.36667
748 1 1.63333
749 1 1.8
750 1 1.36667
751 1 1.9
752 1 1.53333
753 1 1.26667
754 1 1.6
755 1 1.5
756 1 1.86667
757 1 1.73333
758 1 1.46667
759 1 1.53333
760 1 1.7
761 1 1.16667
762 1 1.66667
763 1 1.63333
764 1 1.4
765 1 1.46667
766 1 1.76667
767 1 1.4
768 1 1.36667
769 1 1.36667
770 1 1.7
771 1 1.4
772 1 1.53333
773 1 1.53333
774 1 1.46667
775 1 1.36667
776 1 2.03333
777 1 1.76667
778 1 1.73333
779 1 1.6
780 1 1.43333
781 1 1.7
782 1 1.23333
783 1 1.7
784 1 1.6
785 1 1.86667
786 1 1.86667
787 1 1.76667
788 1 1.56667
789 1 1.43333
790 1 1.33333
791 1 1.43333
792 1 1.9
793 1 1.43333
794 1 1.6
795 1 1.6
796 1 1.33333
797 1 1.56667
798 1 1.63333
799 1 1.83333
800 1 1.3
801 1 1.53333
802 1 1.86667
803 1 1.16667
804 1 1.43333
805 1 1.56667
806 1 1.7
807 1 1.5
808 1 1.43333
809 1 1.5
810 1 1.53333
811 1 1.76667
812 1 1.7
813 1 1.56667
814 1 1.56667
815 1 2.06667
816 1 1.56667
817 1 1.3
818 1 1.53333
819 1 1.3
820 1 1.4
821 1 1.4
822 1 1.43333
823 1 1.6
824 1 1.7
825 1 1.76667
826 1 1.4
827 1 1.56667
828 1 1.26667
829 1 1.56667
830 1 1.43333
831 1 1.53333
832 1 1.4
833 1 1.56667
834 1 1.46667
835 1 1.93333
836 1 1.4
837 1 1.86667
838 1 1.46667
839 1 1.46667
840 1 1.36667
841 1 1.83333
842 1 1.36667
843 1 1.4
844 1 1.73333
845 1 1.33333
846 1 1.4
847 1 1.6
848 1 1.46667
849 1 1.46667
850 1 1.36667
851 1 1.43333
852 1 1.3
853 1 1.63333
854 1 1.8
855 1 1.56667
856 1 1.33333
857 1 1.6
858 1 1.66667
859 1 1.6
860 1 1.53333
861 1 1.66667
862 1 1.23333
863 1 1.63333
864 1 1.56667
865 1 1.4
866 1 1.9
867 1 1.43333
868 1 1.46667
869 1 1.66667
870 1 1.7
871 1 1.36667
872 1 1.6
873 1 1.43333
874 1 1.53333
875 1 1.96667
876 1 1.5
877 1 1.23333
878 1 1.86667
879 1 1.73333
880 1 1.53333
881 1 1.6
882 1 1.63333
883 1 1.73333
884 1 1.6
885 1 1.83333
886 1 1.4
887 1 1.56667
888 1 1.43333
889 1 1.56667
890 1 1.76667
891 1 1.3
892 1 1.46667
893 1 1.4
894 1 1.66667
895 1 1.73333
896 1 1.56667
897 1 1.46667
898 1 1.93333
899 1 1.7
900 1 1.36667
901 1 1.2
902 1 1.56667
903 1 1.23333
904 1 1.63333
905 1 1.36667
906 1 2
907 1 1.6
908 1 1.63333
909 1 1.66667
910 1 1.23333
911 1 1.46667
912 1 1.7
913 1 1.83333
914 1 1.73333
915 1 1.46667
916 1 1.73333
917 1 1.46667
918 1 1.53333
919 1 1.43333
920 1 1.5
921 1 1.7
922 1 1.36667
923 1 1.63333
924 1 1.3
925 1 1.4
926 1 1.26667
927 1 1.5
928 1 1.5
929 1 1.4
930 1 1.53333
931 1 1.6
932 1 1.63333
933 1 1.53333
934 1 1.4
935 1 1.66667
936 1 1.46667
937 1 1.56667
938 1 1.36667
939 1 1.7
940 1 1.6
941 1 1.96667
942 1 1.8
943 1 1.46667
944 1 1.56667
945 1 1.33333
946 1 1.56667
947 1 1.43333
948 1 1.96667
949 1 1.6
950 1 1.63333
951 1 1.46667
952 1 1.63333
953 1 1.83333
954 1 1.53333
955 1 1.86667
956 1 1.6
957 1 1.73333
958 1 1.56667
959 1 1.9
960 1 1.96667
961 1 1.6
962 1 1.3
963 1 1.63333
964 1 1.56667
965 1 1.5
966 1 1.33333
967 1 1.5
968 1 1.96667
969 1 1.43333
970 1 1.16667
971 1 1.26667
972 1 1.4
973 1 1.36667
974 1 1.56667
975 1 1.6
976 1 1.36667
977 1 1.56667
978 1 1.93333
979 1 1.66667
980 1 1.43333
981 1 1.63333
982 1 1.36667
983 1 1.93333
984 1 1.5
985 1 1.76667
986 1 1.3
987 1 1.53333
988 1 1.56667
989 1 1.43333
990 1 1.26667
991 1 1.2
992 1 1.56667
993 1 1.36667
994 1 1.4
995 1 1.8
996 1 1.26667
997 1 1.53333
998 1 1.73333
999 1 1.76667
1000 1 1.46667
