0 7 10.9
1 5 8.53333
2 5 7
3 4 5.86667
4 2 4.9
5 2 3.76667
6 2 2.63333
7 2 2.4
8 2 2.63333
9 2 2.73333
10 2 2.3
11 2 2.23333
12 2 2.5
13 2 2.16667
14 2 2.53333
15 2 2.36667
16 2 2.43333
17 2 2.33333
18 2 2.8
19 2 2.76667
20 2 2.66667
21 2 2.73333
22 2 2.5
23 2 2.3
24 2 2.5
25 2 2.56667
26 2 2.63333
27 2 2.6
28 2 2.13333
29 2 2.46667
30 2 2.7
31 2 2.93333
32 2 2.73333
33 2 2.43333
34 2 2.6
35 2 3.1
36 2 2.63333
37 2 2.36667
38 2 2.36667
39 2 2.7
40 2 2.53333
41 2 2.33333
42 2 2.43333
43 2 2.5
44 2 2.3
45 2 2.26667
46 2 2.36667
47 1 2.33333
48 1 2.46667
49 1 2.03333
50 1 1.5
51 1 1.63333
52 1 1.5
53 1 1.7
54 1 1.33333
55 1 1.66667
56 1 1.86667
57 1 1.5
58 1 1.5
59 1 1.53333
60 1 1.2
61 1 1.43333
62 1 1.6
63 1 1.6
64 1 1.43333
65 1 1.4
66 1 1.46667
67 1 1.43333
68 1 1.46667
69 1 1.56667
70 1 1.56667
71 1 1.53333
72 1 1.4
73 1 1.16667
74 1 1.63333
75 1 1.93333
76 1 1.6
77 1 1.23333
78 1 1.3
79 1 1.66667
80 1 1.86667
81 1 1.6
82 1 1.5
83 1 1.46667
84 1 2.06667
85 1 1.36667
86 1 1.7
87 1 1.6
88 1 1.6
89 1 1.26667
90 1 1.43333
91 1 1.5
92 1 1.6
93 1 1.86667
94 1 1.63333
95 1 1.53333
96 1 1.4
97 1 1.7
98 1 1.53333
99 1 1.3
100 1 1.9
101 1 1.5
102 1 1.93333
103 1 1.33333
104 1 1.66667
105 1 1.46667
106 1 1.5
107 1 1.66667
108 1 1.53333
109 1 1.3
110 1 1.63333
111 1 1.43333
112 1 1.76667
113 1 1.66667
114 1 1.53333
115 1 1.6
116 1 1.46667
117 1 1.8
118 1 1.53333
119 1 1.63333
120 1 1.3
121 1 1.83333
122 1 1.63333
123 1 1.73333
124 1 1.6
125 1 1.4
126 1 1.53333
127 1 1.6
128 1 1.33333
129 1 1.73333
130 1 1.66667
131 1 1.3
132 1 1.43333
133 1 1.7
134 1 1.63333
135 1 1.3
136 1 2.2
137 1 1.6
138 1 1.53333
139 1 1.53333
140 1 1.66667
141 1 1.36667
142 1 1.3
143 1 1.56667
144 1 1.26667
145 1 1.66667
146 1 1.43333
147 1 1.56667
148 1 1.43333
149 1 1.36667
150 1 1.86667
151 1 1.56667
152 1 1.66667
153 1 1.7
154 1 1.4
155 1 1.36667
156 1 1.6
157 1 1.73333
158 1 1.56667
159 1 1.5
160 1 1.73333
161 1 1.53333
162 1 1.63333
163 1 1.26667
164 1 1.36667
165 1 1.9
166 1 1.23333
167 1 1.4
168 1 1.33333
169 1 1.43333
170 1 1.63333
171 1 1.4
172 1 1.6
173 1 1.86667
174 1 1.4
175 1 1.66667
176 1 1.36667
177 1 1.46667
178 1 1.33333
179 1 1.2
180 1 1.53333
181 1 1.36667
182 1 1.4
183 1 1.53333
184 1 1.66667
185 1 1.3
186 1 1.73333
187 1 1.76667
188 1 1.7
189 1 1.63333
190 1 1.56667
191 1 1.93333
192 1 1.86667
193 1 1.43333
194 1 1.66667
195 1 1.53333
196 1 1.46667
197 1 1.73333
198 1 1.43333
199 1 1.76667
200 1 1.6
201 1 1.63333
202 1 2
203 1 1.6
204 1 1.63333
205 1 1.63333
206 1 1.7
207 1 1.7
208 1 1.86667
209 1 1.46667
210 1 1.4
211 1 1.56667
212 1 1.9
213 1 1.73333
214 1 1.63333
215 1 1.3
216 1 1.3
217 1 1.33333
218 1 1.6
219 1 1.26667
220 1 1.56667
221 1 1.4
222 1 1.33333
223 1 1.36667
224 1 1.4
225 1 1.66667
226 1 1.73333
227 1 1.8
228 1 1.7
229 1 1.63333
230 1 1.7
231 1 1.4
232 1 1.2
233 1 1.83333
234 1 1.5
235 1 1.53333
236 1 1.6
237 1 1.43333
238 1 1.43333
239 1 1.63333
240 1 1.23333
241 1 1.53333
242 1 1.93333
243 1 1.63333
244 1 1.2
245 1 1.36667
246 1 1.76667
247 1 1.46667
248 1 1.43333
249 1 1.56667
250 1 1.23333
251 1 1.23333
252 1 1.6
253 1 1.9
254 1 1.3
255 1 1.9
256 1 1.53333
257 1 1.33333
258 1 1.8
259 1 1.26667
260 1 1.5
261 1 1.43333
262 1 1.43333
263 1 1.7
264 1 1.46667
265 1 1.56667
266 1 1.46667
267 1 1.83333
268 1 1.56667
269 1 1.96667
270 1 1.53333
271 1 1.76667
272 1 1.33333
273 1 1.66667
274 1 1.3
275 1 1.73333
276 1 1.46667
277 1 1.33333
278 1 1.43333
279 1 1.56667
280 1 1.7
281 1 1.66667
282 1 1.5
283 1 2.03333
284 1 1.66667
285 1 1.6
286 1 1.26667
287 1 1.56667
288 1 1.96667
289 1 1.46667
290 1 1.33333
291 1 1.46667
292 1 1.56667
293 1 1.76667
294 1 1.4
295 1 1.9
296 1 1.46667
297 1 2.03333
298 1 1.53333
299 1 1.6
300 1 1.76667
301 1 1.46667
302 1 1.4
303 1 1.63333
304 1 1.6
305 1 1.93333
306 1 1.5
307 1 1.7
308 1 1.46667
309 1 1.36667
310 1 1.5
311 1 1.63333
312 1 1.56667
313 1 1.76667
314 1 1.53333
315 1 1.73333
316 1 1.4
317 1 1.56667
318 1 1.56667
319 1 1.6
320 1 1.66667
321 1 1.5
322 1 1.6
323 1 1.4
324 1 1.36667
325 1 1.63333
326 1 1.56667
327 1 1.7
328 1 1.63333
329 1 1.46667
330 1 1.96667
331 1 1.63333
332 1 1.63333
333 1 1.53333
334 1 1.46667
335 1 1.33333
336 1 1.66667
337 1 1.33333
338 1 1.76667
339 1 1.53333
340 1 1.13333
341 1 1.43333
342 1 1.43333
343 1 1.3
344 1 2.03333
345 1 1.36667
346 1 1.63333
347 1 1.66667
348 1 1.23333
349 1 1.53333
350 1 1.6
351 1 1.36667
352 1 1.76667
353 1 1.7
354 1 1.7
355 1 1.63333
356 1 1.36667
357 1 1.56667
358 1 1.4
359 1 1.63333
360 1 1.6
361 1 1.3
362 1 1.5
363 1 1.43333
364 1 2.03333
365 1 1.7
366 1 1.7
367 1 1.83333
368 1 1.7
369 1 1.7
370 1 1.7
371 1 1.56667
372 1 1.86667
373 1 1.5
374 1 1.33333
375 1 1.53333
376 1 1.5
377 1 1.46667
378 1 1.66667
379 1 1.5
380 1 1.93333
381 1 1.63333
382 1 1.5
383 1 1.76667
384 1 1.56667
385 1 1.7
386 1 1.53333
387 1 1.56667
388 1 1.3
389 1 1.7
390 1 1.36667
391 1 1.66667
392 1 1.43333
393 1 1.53333
394 1 1.7
395 1 1.5
396 1 1.3
397 1 1.73333
398 1 1.63333
399 1 1.6
400 1 1.66667
401 1 1.2
402 1 1.33333
403 1 1.73333
404 1 1.3
405 1 1.36667
406 1 1.43333
407 1 1.8
408 1 1.6
409 1 1.36667
410 1 1.56667
411 1 1.36667
412 1 1.6
413 1 1.56667
414 1 1.26667
415 1 1.66667
416 1 1.86667
417 1 1.46667
418 1 1.5
419 1 1.6
420 1 1.4
421 1 1.43333
422 1 1.4
423 1 1.56667
424 1 1.73333
425 1 1.3
426 1 1.6
427 1 1.7
428 1 1.53333
429 1 1.6
430 1 1.46667
431 1 1.33333
432 1 1.6
433 1 1.43333
434 1 1.5
435 1 1.7
436 1 1.43333
437 1 1.43333
438 1 1.36667
439 1 1.53333
440 1 1.43333
441 1 1.4
442 1 1.6
443 1 1.8
444 1 1.5
445 1 1.63333
446 1 2.2
447 1 1.7
448 1 1.5
449 1 1.5
450 1 1.7
451 1 1.4
452 1 1.56667
453 1 1.36667
454 1 1.36667
455 1 1.5
456 1 1.76667
457 1 1.6
458 1 1.83333
459 1 1.53333
460 1 1.33333
461 1 1.83333
462 1 1.66667
463 1 1.13333
464 1 1.43333
465 1 1.4
466 1 1.3
467 1 2
468 1 1.76667
469 1 1.8
470 1 1.43333
471 1 1.93333
472 1 1.5
473 1 1.43333
474 1 1.5
475 1 1.66667
476 1 1.46667
477 1 1.5
478 1 1.43333
479 1 1.56667
480 1 1.66667
481 1 1.5
482 1 1.53333
483 1 1.56667
484 1 1.43333
485 1 1.66667
486 1 1.83333
487 1 1.36667
488 1 1.43333
489 1 1.9
490 1 1.5
491 1 1.43333
492 1 1.43333
493 1 1.23333
494 1 1.26667
495 1 1.5
496 1 1.6
497 1 1.46667
498 1 1.33333
499 1 1.76667
500 1 1.53333
501 1 1.5
502 1 1.36667
503 1 1.56667
504 1 1.73333
505 1 1.46667
506 1 1.46667
507 1 2.06667
508 1 1.7
509 1 1.3
510 1 1.73333
511 1 1.36667
512 1 1.1
513 1 1.66667
514 1 1.5
515 1 2.03333
516 1 2
517 1 1.66667
518 1 1.9
519 1 1.46667
520 1 1.53333
521 1 1.23333
522 1 1.53333
523 1 1.7
524 1 1.23333
525 1 1.56667
526 1 1.36667
527 1 1.66667
528 1 1.6
529 1 1.63333
530 1 1.36667
531 1 1.26667
532 1 1.7
533 1 1.8
534 1 1.4
535 1 1.96667
536 1 1.4
537 1 1.63333
538 1 1.46667
539 1 1.8
540 1 1.36667
541 1 1.43333
542 1 1.36667
543 1 1.6
544 1 1.46667
545 1 1.6
546 1 1.6
547 1 1.53333
548 1 1.3
549 1 1.5
550 1 1.3
551 1 2.03333
552 1 1.23333
553 1 1.53333
554 1 1.5
555 1 1.73333
556 1 1.5
557 1 1.26667
558 1 1.46667
559 1 1.43333
560 1 1.43333
561 1 1.73333
562 1 1.7
563 1 1.76667
564 1 1.7
565 1 1.23333
566 1 1.46667
567 1 1.43333
568 1 1.33333
569 1 1.4
570 1 1.8
571 1 1.66667
572 1 1.36667
573 1 1.53333
574 1 1.26667
575 1 1.43333
576 1 1.56667
577 1 1.96667
578 1 1.36667
579 1 1.5
580 1 1.26667
581 1 1.63333
582 1 1.83333
583 1 1.5
584 1 1.43333
585 1 1.63333
586 1 1.56667
587 1 1.5
588 1 1.4
589 1 1.43333
590 1 1.6
591 1 1.76667
592 1 1.4
593 1 1.5
594 1 1.8
595 1 1.43333
596 1 1.3
597 1 1.63333
598 1 1.4
599 1 1.5
600 1 1.8
601 1 1.4
602 1 1.5
603 1 1.56667
604 1 1.53333
605 1 1.36667
606 1 1.66667
607 1 1.53333
608 1 1.36667
609 1 1.46667
610 1 1.5
611 1 1.7
612 1 1.36667
613 1 1.56667
614 1 1.36667
615 1 1.36667
616 1 1.83333
617 1 1.23333
618 1 1.63333
619 1 1.56667
620 1 1.66667
621 1 1.8
622 1 1.63333
623 1 1.53333
624 1 1.7
625 1 1.53333
626 1 1.6
627 1 1.6
628 1 1.33333
629 1 1.53333
630 1 1.73333
631 1 1.6
632 1 1.43333
633 1 1.33333
634 1 1.3
635 1 1.56667
636 1 1.63333
637 1 1.7
638 1 1.66667
639 1 1.5
640 1 1.4
641 1 1.56667
642 1 1.26667
643 1 1.5
644 1 1.4
645 1 1.96667
646 1 1.33333
647 1 1.7
648 1 1.46667
649 1 1.7
650 1 1.2
651 1 1.5
652 0 1.8
