0 7 10.3333
1 6 9.26667
2 5 8
3 4 6.86667
4 4 5.2
5 4 4.96667
6 4 4.33333
7 4 4.06667
8 4 4.23333
9 4 4.03333
10 3 4.03333
11 3 3.93333
12 3 3.36667
13 3 3.1
14 3 3.03333
15 3 3
16 3 3
17 3 3.13333
18 2 3.16667
19 2 3.06667
20 2 2.6
21 2 2.16667
22 2 2.43333
23 2 2
24 2 2.26667
25 2 2.03333
26 2 2.06667
27 2 2.23333
28 2 2.2
29 2 2.2
30 2 2.16667
31 2 2.1
32 2 2
33 2 2.23333
34 2 2.13333
35 2 2.06667
36 2 2.06667
37 2 2.2
38 2 2.1
39 2 2.06667
40 2 2.13333
41 2 2
42 2 2.26667
43 2 2.1
44 2 2.06667
45 2 2.3
46 2 2.03333
47 2 2.03333
48 2 2
49 2 2.13333
50 2 2.2
51 2 2.26667
52 2 2.1
53 2 2.16667
54 2 2.06667
55 2 2.3
56 2 2
57 2 2.13333
58 2 2
59 2 2.1
60 2 2.2
61 2 2.06667
62 2 2.2
63 2 2.1
64 2 2.23333
65 2 2.3
66 2 2.13333
67 2 2.4
68 2 2.2
69 2 2.03333
70 2 2.3
71 2 2.5
72 2 2.2
73 2 2.06667
74 2 2.26667
75 2 2.1
76 2 2.4
77 2 2.26667
78 2 2.2
79 2 2
80 2 2.33333
81 2 2.06667
82 2 2.13333
83 2 2.1
84 2 2.33333
85 2 2.23333
86 2 2.16667
87 2 2.03333
88 2 2.1
89 2 2.16667
90 2 2.06667
91 2 2.1
92 2 2.03333
93 2 2.23333
94 2 2.26667
95 2 2.2
96 2 2.2
97 2 2.03333
98 2 2.1
99 2 2.2
100 2 2.2
101 2 2.1
102 2 2.26667
103 2 2.1
104 2 2.2
105 2 2.06667
106 2 2.36667
107 2 2.23333
108 2 2.06667
109 2 2.13333
110 2 2.26667
111 2 2
112 2 2.36667
113 2 2.26667
114 2 2.16667
115 2 2.06667
116 2 2.06667
117 2 2.06667
118 2 2.1
119 2 2.33333
120 2 2.03333
121 2 2
122 2 2.36667
123 2 2.16667
124 2 2.2
125 2 2.16667
126 2 2.13333
127 2 2.1
128 2 2.26667
129 2 2.1
130 2 2.13333
131 2 2.03333
132 2 2.26667
133 2 2.03333
134 2 2.3
135 2 2.23333
136 2 2
137 2 2.06667
138 2 2
139 2 2.16667
140 2 2.13333
141 2 2.03333
142 2 2.16667
143 2 2.13333
144 2 2.23333
145 2 2.33333
146 2 2.1
147 2 2.3
148 2 2.3
149 2 2.1
150 2 2
151 2 2.1
152 2 2
153 2 2.1
154 2 2.16667
155 2 2.1
156 2 2.16667
157 2 2.1
158 2 2.16667
159 2 2.3
160 2 2.1
161 2 2.13333
162 2 2.13333
163 2 2.13333
164 2 2.1
165 2 2.1
166 2 2.06667
167 2 2.2
168 2 2.16667
169 2 2.06667
170 2 2.06667
171 2 2.26667
172 2 2.1
173 2 2.33333
174 2 2.2
175 2 2.1
176 2 2.03333
177 2 2.2
178 2 2.3
179 2 2.26667
180 2 2.03333
181 2 2.23333
182 2 2.06667
183 2 2.2
184 2 2.06667
185 2 2.16667
186 2 2.16667
187 2 2.4
188 2 2.3
189 2 2
190 2 2.1
191 2 2.36667
192 1 2.06667
193 1 2.3
194 1 1.93333
195 1 1.43333
196 1 1.16667
197 1 1.5
198 1 1.16667
199 1 1.2
200 1 1.26667
201 1 1.46667
202 1 1.33333
203 1 1.2
204 1 1.26667
205 1 1.1
206 1 1.23333
207 1 1
208 1 1.23333
209 1 1
210 1 1.23333
211 1 1.53333
212 1 1.23333
213 1 1.36667
214 1 1.16667
215 1 1.06667
216 1 1.2
217 1 1.03333
218 1 1.4
219 1 1.23333
220 1 1.06667
221 1 1.13333
222 1 1.03333
223 1 1.16667
224 1 1
225 1 1.13333
226 1 1.2
227 1 1.13333
228 1 1.3
229 1 1.3
230 1 1.03333
231 1 1.06667
232 1 1.16667
233 1 1.13333
234 1 1.46667
235 1 1.16667
236 1 1.16667
237 1 1.26667
238 1 1.13333
239 1 1.1
240 1 1.23333
241 1 1.13333
242 1 1
243 1 1.2
244 1 1.13333
245 1 1.3
246 1 1.2
247 1 1.16667
248 1 1.06667
249 1 1.23333
250 1 1.36667
251 1 1.3
252 1 1.2
253 1 1
254 1 1.33333
255 1 1.1
256 1 1.06667
257 1 1.13333
258 1 1.03333
259 1 1.23333
260 1 1.36667
261 1 1.4
262 1 1.03333
263 1 1.23333
264 1 1.1
265 1 1.23333
266 1 1.23333
267 1 1.13333
268 1 1.43333
269 1 1.16667
270 1 1.06667
271 1 1.23333
272 1 1.23333
273 1 1.1
274 1 1.16667
275 1 1.23333
276 1 1.3
277 1 1
278 1 1.26667
279 1 1.03333
280 1 1.16667
281 1 1.1
282 1 1.2
283 1 1.03333
284 1 1.3
285 1 1.06667
286 1 1.06667
287 1 1.16667
288 1 1.2
289 1 1
290 1 1.06667
291 1 1.23333
292 1 1
293 1 1.26667
294 1 1.2
295 1 1.23333
296 1 1.13333
297 1 1.03333
298 1 1.3
299 1 1.46667
300 1 1.26667
301 1 1.2
302 1 1.26667
303 1 1.2
304 1 1.26667
305 1 1.43333
306 1 1.26667
307 1 1.13333
308 1 1.26667
309 1 1.1
310 1 1.33333
311 1 1.06667
312 1 1.06667
313 1 1.1
314 1 1.53333
315 1 1.36667
316 1 1.06667
317 1 1.06667
318 1 1.13333
319 1 1.2
320 1 1.06667
321 1 1.36667
322 1 1.1
323 1 1.3
324 1 1.16667
325 1 1.13333
326 1 1.1
327 1 1.06667
328 1 1.26667
329 1 1.1
330 1 1.1
331 1 1
332 1 1.03333
333 1 1.26667
334 1 1.1
335 1 1.03333
336 1 1.23333
337 1 1.13333
338 1 1.2
339 1 1.36667
340 1 1.1
341 1 1.13333
342 1 1
343 1 1.13333
344 1 1.26667
345 1 1.16667
346 1 1.26667
347 1 1.16667
348 1 1.03333
349 1 1.06667
350 1 1.16667
351 1 1.03333
352 1 1.06667
353 1 1.16667
354 1 1.53333
355 1 1.23333
356 1 1.16667
357 1 1.1
358 1 1.2
359 1 1.23333
360 1 1.16667
361 1 1.16667
362 1 1.23333
363 1 1.06667
364 1 1.3
365 1 1.26667
366 1 1.2
367 1 1.3
368 1 1.13333
369 1 1.33333
370 1 1.23333
371 1 1.23333
372 1 1.16667
373 1 1.26667
374 1 1.06667
375 1 1.16667
376 1 1.26667
377 1 1.16667
378 1 1.33333
379 1 1.13333
380 1 1
381 1 1.23333
382 1 1.2
383 1 1.23333
384 1 1.06667
385 1 1.13333
386 1 1.26667
387 1 1.1
388 1 1.2
389 1 1.2
390 1 1
391 1 1.06667
392 1 1.16667
393 1 1.1
394 1 1.23333
395 1 1.46667
396 1 1.06667
397 1 1.26667
398 1 1.26667
399 1 1.16667
400 1 1.26667
401 1 1.26667
402 1 1.13333
403 1 1.16667
404 1 1.33333
405 1 1.46667
406 1 1
407 1 1.1
408 1 1.06667
409 1 1.1
410 1 1.06667
411 1 1.23333
412 1 1.13333
413 1 1.36667
414 1 1.13333
415 1 1.06667
416 1 1.2
417 1 1.36667
418 1 1.1
419 1 1.26667
420 1 1.26667
421 1 1.16667
422 1 1.13333
423 1 1.2
424 1 1.13333
425 1 1.23333
426 1 1.13333
427 1 1.1
428 1 1.16667
429 1 1.23333
430 1 1.16667
431 1 1.16667
432 1 1.3
433 1 1.33333
434 1 1.06667
435 1 1.2
436 1 1.23333
437 1 1.1
438 1 1.16667
439 1 1.16667
440 1 1.26667
441 1 1.2
442 1 1.2
443 1 1.23333
444 1 1.06667
445 1 1.2
446 1 1.33333
447 1 1.26667
448 1 1
449 1 1.23333
450 1 1.16667
451 1 1.36667
452 1 1.2
453 1 1
454 1 1.23333
455 1 1.1
456 1 1.1
457 1 1.33333
458 1 1.16667
459 1 1.2
460 1 1.16667
461 1 1.13333
462 1 1.23333
463 1 1.2
464 1 1.16667
465 1 1.13333
466 1 1
467 1 1.2
468 1 1.23333
469 1 1.23333
470 1 1.23333
471 1 1.06667
472 1 1.13333
473 1 1.1
474 1 1.06667
475 1 1.23333
476 1 1.13333
477 1 1
478 1 1.26667
479 1 1.1
480 1 1.4
481 1 1.16667
482 1 1.13333
483 1 1.3
484 1 1.2
485 1 1.1
486 1 1.1
487 1 1.33333
488 1 1.3
489 1 1.26667
490 1 1
491 1 1.3
492 1 1.03333
493 1 1
494 1 1.23333
495 1 1.13333
496 1 1.2
497 1 1.16667
498 1 1.2
499 1 1.13333
500 1 1.26667
501 1 1.26667
502 1 1.2
503 1 1.46667
504 1 1.2
505 1 1.13333
506 1 1.26667
507 1 1.13333
508 1 1.26667
509 1 1
510 1 1.23333
511 1 1.03333
512 1 1.06667
513 1 1.16667
514 1 1.3
515 1 1.2
516 1 1.1
517 1 1.13333
518 1 1.2
519 1 1.43333
520 1 1
521 1 1.26667
522 1 1.06667
523 1 1.13333
524 1 1.03333
525 1 1.2
526 1 1.23333
527 1 1.36667
528 1 1.1
529 1 1.2
530 1 1.3
531 1 1.03333
532 1 1.13333
533 1 1.23333
534 1 1.16667
535 1 1.2
536 1 1.3
537 1 1.06667
538 1 1.16667
539 1 1.23333
540 1 1.1
541 1 1.06667
542 1 1.16667
543 1 1.33333
544 1 1.36667
545 1 1.1
546 1 1.53333
547 1 1.43333
548 1 1.2
549 1 1.23333
550 1 1.2
551 1 1.13333
552 1 1.13333
553 1 1.36667
554 1 1.2
555 1 1.13333
556 1 1.36667
557 1 1.16667
558 1 1.06667
559 1 1
560 1 1.5
561 1 1.06667
562 1 1.16667
563 1 1.23333
564 1 1.06667
565 1 1
566 1 1.26667
567 1 1.23333
568 1 1.06667
569 1 1.23333
570 1 1
571 1 1
572 1 1.16667
573 1 1.36667
574 1 1
575 1 1.26667
576 1 1.16667
577 1 1.2
578 1 1.23333
579 1 1.26667
580 1 1
581 1 1.16667
582 1 1.1
583 1 1.03333
584 1 1.16667
585 1 1.16667
586 1 1.3
587 1 1.03333
588 1 1.1
589 1 1.16667
590 1 1.16667
591 1 1.13333
592 1 1.03333
593 1 1.1
594 1 1.06667
595 1 1.06667
596 1 1
597 1 1.63333
598 1 1.16667
599 1 1.33333
600 1 1.1
601 1 1.2
602 1 1.3
603 1 1.06667
604 1 1.16667
605 1 1.23333
606 1 1.26667
607 1 1.23333
608 1 1
609 1 1.16667
610 1 1.23333
611 1 1.13333
612 1 1.13333
613 1 1
614 1 1.3
615 1 1.13333
616 1 1.23333
617 1 1.26667
618 1 1.03333
619 1 1.36667
620 1 1.43333
621 1 1.13333
622 1 1.16667
623 1 1.3
624 1 1.2
625 1 1
626 1 1.3
627 1 1
628 1 1.16667
629 1 1.3
630 1 1.06667
631 1 1.06667
632 1 1.3
633 1 1.8
634 1 1.2
635 1 1.43333
636 1 1.23333
637 1 1.23333
638 1 1.13333
639 1 1.26667
640 1 1.03333
641 1 1.06667
642 1 1.2
643 1 1.06667
644 1 1
645 1 1.3
646 1 1.06667
647 1 1.23333
648 1 1.3
649 1 1.2
650 1 1.06667
651 1 1.26667
652 1 1.2
653 1 1.06667
654 1 1.03333
655 1 1
656 1 1.23333
657 1 1.26667
658 1 1.3
659 1 1.13333
660 1 1.2
661 1 1.36667
662 1 1.13333
663 1 1
664 1 1.03333
665 1 1.16667
666 1 1.1
667 1 1.06667
668 1 1.3
669 1 1.2
670 1 1.36667
671 1 1.16667
672 1 1.23333
673 1 1.43333
674 1 1.1
675 1 1.2
676 1 1.03333
677 1 1.23333
678 1 1.06667
679 1 1.23333
680 1 1.33333
681 1 1.3
682 1 1.26667
683 1 1.26667
684 1 1.2
685 1 1.03333
686 1 1.2
687 1 1.26667
688 1 1.26667
689 1 1.3
690 1 1.06667
691 1 1.36667
692 1 1.1
693 1 1.33333
694 1 1.16667
695 1 1.2
696 1 1.56667
697 1 1.03333
698 1 1.16667
699 1 1.16667
700 1 1.03333
701 1 1.4
702 1 1.23333
703 1 1.2
704 1 1.13333
705 1 1.33333
706 1 1.1
707 1 1.3
708 1 1.23333
709 1 1.06667
710 1 1.1
711 1 1.16667
712 1 1.2
713 1 1.33333
714 1 1
715 1 1
716 1 1
717 1 1.23333
718 1 1.03333
719 1 1.16667
720 1 1.4
721 1 1.16667
722 1 1.13333
723 1 1.06667
724 1 1
725 1 1.2
726 1 1.16667
727 1 1
728 1 1.26667
729 1 1.16667
730 1 1.36667
731 1 1.06667
732 1 1.2
733 1 1.06667
734 1 1.23333
735 1 1.2
736 1 1.13333
737 1 1.1
738 1 1.3
739 1 1.1
740 1 1.23333
741 1 1.26667
742 1 1.13333
743 1 1.23333
744 1 1.2
745 1 1.23333
746 1 1.13333
747 1 1.06667
748 1 1.03333
749 1 1.13333
750 1 1.03333
751 1 1.2
752 1 1.3
753 1 1.26667
754 1 1.13333
755 1 1.23333
756 1 1.03333
757 1 1.23333
758 1 1.16667
759 1 1.23333
760 1 1.2
761 1 1.2
762 1 1
763 1 1.23333
764 1 1.06667
765 1 1
766 1 1.13333
767 1 1.3
768 1 1.06667
769 1 1.06667
770 1 1.2
771 1 1.26667
772 1 1.5
773 1 1.26667
774 1 1.3
775 1 1.23333
776 1 1.16667
777 1 1.23333
778 1 1.26667
779 1 1.06667
780 1 1.06667
781 1 1.13333
782 1 1.16667
783 1 1.06667
784 1 1.1
785 1 1.16667
786 1 1.03333
787 1 1.13333
788 1 1.06667
789 1 1.16667
790 1 1.16667
791 1 1.13333
792 1 1.03333
793 1 1
794 1 1.5
795 1 1.33333
796 1 1.26667
797 1 1.26667
798 1 1.06667
799 1 1.06667
800 1 1.3
801 1 1.13333
802 1 1.1
803 1 1.13333
804 1 1.1
805 1 1.1
806 1 1.1
807 1 1.33333
808 1 1.23333
809 1 1.26667
810 1 1.3
811 1 1.1
812 1 1.13333
813 1 1
814 1 1.36667
815 1 1.06667
816 1 1.13333
817 1 1.13333
818 1 1.33333
819 1 1.5
820 1 1.06667
821 1 1.13333
822 1 1.26667
823 1 1.33333
824 1 1.16667
825 1 1.16667
826 1 1.06667
827 1 1.26667
828 1 1.33333
829 1 1.06667
830 1 1.26667
831 1 1.06667
832 1 1.03333
833 1 1.16667
834 1 1.06667
835 1 1.3
836 1 1.1
837 1 1.23333
838 1 1.26667
839 1 1.16667
840 1 1.13333
841 1 1.23333
842 1 1
843 1 1.1
844 1 1.06667
845 1 1.33333
846 1 1.36667
847 1 1.1
848 1 1.23333
849 1 1.13333
850 1 1.06667
851 1 1.16667
852 1 1.06667
853 1 1.26667
854 1 1.1
855 1 1.13333
856 1 1.2
857 1 1.13333
858 1 1.26667
859 1 1
860 1 1.26667
861 1 1.2
862 1 1.1
863 1 1.1
864 1 1.1
865 1 1.23333
866 1 1.16667
867 1 1.2
868 1 1.16667
869 1 1
870 1 1.16667
871 1 1
872 1 1.06667
873 1 1.13333
874 1 1
875 1 1.23333
876 1 1.33333
877 1 1.2
878 1 1.1
879 1 1.1
880 1 1.13333
881 1 1.2
882 1 1
883 1 1.43333
884 1 1.1
885 1 1.1
886 1 1.33333
887 1 1.1
888 1 1.1
889 1 1.4
890 1 1.33333
891 1 1.1
892 1 1.1
893 1 1.3
894 1 1.06667
895 1 1.1
896 1 1.3
897 1 1.1
898 1 1.16667
899 1 1.23333
900 1 1.16667
901 1 1.06667
902 1 1.23333
903 1 1
904 1 1.13333
905 1 1.26667
906 1 1.03333
907 1 1.23333
908 1 1.16667
909 1 1.13333
910 1 1.13333
911 1 1.16667
912 1 1.3
913 1 1.2
914 1 1.3
915 1 1
916 1 1.3
917 1 1.16667
918 1 1.23333
919 1 1.13333
920 1 1.06667
921 1 1.13333
922 1 1.06667
923 1 1.2
924 1 1
925 1 1.16667
926 1 1.2
927 1 1.2
928 1 1.26667
929 1 1.1
930 1 1.23333
931 1 1.23333
932 1 1.26667
933 1 1.23333
934 1 1.1
935 1 1.1
936 1 1.26667
937 1 1.36667
938 1 1
939 1 1.3
940 1 1.3
941 1 1.26667
942 1 1.2
943 1 1.3
944 1 1.16667
945 1 1.46667
946 1 1.2
947 1 1.1
948 1 1.16667
949 1 1.26667
950 1 1.1
951 1 1.26667
952 1 1.26667
953 1 1.2
954 1 1.13333
955 1 1.03333
956 1 1.06667
957 1 1.23333
958 1 1.03333
959 1 1.2
960 1 1.16667
961 1 1.06667
962 1 1.2
963 1 1.2
964 1 1.13333
965 1 1.2
966 1 1.26667
967 1 1.2
968 1 1.13333
969 1 1.33333
970 1 1
971 1 1.26667
972 1 1.16667
973 1 1.03333
974 1 1.26667
975 1 1.33333
976 1 1.16667
977 1 1.06667
978 1 1.16667
979 1 1.13333
980 1 1.16667
981 1 1.13333
982 1 1.03333
983 1 1.33333
984 1 1.1
985 1 1.16667
986 1 1.26667
987 1 1.26667
988 1 1.16667
989 1 1
990 1 1.06667
991 1 1.16667
992 1 1.2
993 1 1.13333
994 1 1.16667
995 1 1.3
996 1 1.16667
997 1 1.26667
998 1 1.1
999 1 1.2
1000 1 1.1
1001 1 1
1002 1 1.03333
1003 1 1.03333
1004 1 1.23333
1005 1 1
1006 1 1
1007 1 1.2
1008 1 1.13333
1009 1 1.1
1010 1 1.13333
1011 1 1.26667
1012 1 1.03333
1013 1 1
1014 1 1.26667
1015 1 1.23333
1016 1 1.06667
1017 1 1.2
1018 1 1.36667
1019 1 1.1
1020 1 1.13333
1021 1 1.13333
1022 1 1.06667
1023 1 1.16667
1024 1 1.1
1025 1 1.13333
1026 1 1.03333
1027 1 1.13333
1028 1 1.26667
1029 1 1.16667
1030 1 1
1031 1 1.13333
1032 1 1.16667
1033 1 1
1034 1 1.26667
1035 1 1.13333
1036 1 1.13333
1037 1 1.06667
1038 1 1.1
1039 1 1.2
1040 1 1.16667
1041 1 1.2
1042 1 1.16667
1043 1 1.1
1044 1 1.16667
1045 1 1.26667
1046 1 1.2
1047 1 1.3
1048 1 1.16667
1049 1 1.2
1050 1 1.2
1051 1 1.3
1052 1 1.2
1053 1 1.2
1054 1 1
1055 1 1
1056 1 1.16667
1057 1 1.26667
1058 1 1.3
1059 1 1.1
1060 1 1.13333
1061 1 1.23333
1062 1 1.23333
1063 1 1.2
1064 1 1.16667
1065 1 1.06667
1066 1 1.16667
1067 1 1.06667
1068 1 1.16667
1069 1 1.06667
1070 1 1.26667
1071 1 1.06667
1072 1 1.23333
1073 1 1.13333
1074 1 1.26667
1075 1 1.13333
1076 1 1.36667
1077 1 1.26667
1078 1 1.26667
1079 1 1.16667
1080 1 1.16667
1081 1 1.2
1082 1 1.13333
1083 1 1.16667
1084 1 1.1
1085 1 1.13333
1086 1 1.23333
1087 1 1.03333
1088 1 1.13333
1089 1 1.46667
1090 1 1.13333
1091 1 1.26667
1092 1 1.23333
1093 1 1.16667
1094 1 1.1
1095 1 1.1
1096 1 1.16667
1097 1 1.06667
1098 1 1.3
1099 1 1.13333
1100 1 1.23333
1101 1 1.1
1102 1 1.16667
1103 1 1.26667
1104 1 1.33333
1105 1 1.33333
1106 1 1.26667
1107 1 1.1
1108 1 1.26667
1109 1 1.1
1110 1 1.16667
1111 1 1.06667
1112 1 1.43333
1113 1 1.1
1114 1 1.26667
1115 1 1.16667
1116 1 1.3
1117 1 1.06667
1118 1 1.03333
1119 1 1.23333
1120 1 1
1121 1 1.03333
1122 1 1.2
1123 1 1.16667
1124 1 1.1
1125 1 1.26667
1126 1 1.06667
1127 1 1.23333
1128 1 1
1129 1 1.1
1130 1 1.33333
1131 1 1.06667
1132 1 1.1
1133 1 1.06667
1134 1 1.2
1135 1 1.13333
1136 1 1
1137 1 1.1
1138 1 1.1
1139 1 1.1
1140 1 1
1141 1 1.3
1142 1 1.26667
1143 1 1.23333
1144 1 1.03333
1145 1 1.3
1146 1 1.16667
1147 1 1.16667
1148 1 1.13333
1149 1 1.13333
1150 1 1.33333
1151 1 1.36667
1152 1 1.36667
1153 1 1
1154 1 1.06667
1155 1 1.16667
1156 1 1.16667
1157 1 1.1
1158 1 1.23333
1159 1 1.06667
1160 1 1.33333
1161 1 1.13333
1162 1 1.26667
1163 1 1.56667
1164 1 1.2
1165 1 1.23333
1166 1 1.06667
1167 1 1.03333
1168 1 1.2
1169 1 1.6
1170 1 1.26667
1171 1 1.06667
1172 1 1.1
1173 1 1.5
1174 1 1.23333
1175 1 1.26667
1176 1 1.33333
1177 1 1.13333
1178 1 1.16667
1179 1 1.13333
1180 1 1.06667
1181 1 1.06667
1182 1 1.03333
1183 1 1.13333
1184 1 1.06667
1185 1 1.33333
1186 1 1.43333
1187 1 1.26667
1188 1 1.23333
1189 1 1.3
1190 1 1.33333
1191 1 1.4
1192 1 1.06667
1193 1 1.26667
1194 1 1
1195 1 1.23333
1196 1 1.06667
1197 1 1.13333
1198 1 1.13333
1199 1 1.23333
1200 1 1.06667
1201 1 1.1
1202 1 1.2
1203 1 1.43333
1204 1 1.2
1205 1 1.16667
1206 1 1.1
1207 1 1.16667
1208 1 1.13333
1209 1 1.16667
1210 1 1.1
1211 1 1.26667
1212 1 1.03333
1213 1 1.1
1214 1 1.5
1215 1 1.1
1216 1 1.2
1217 1 1.3
1218 1 1.06667
1219 1 1.06667
1220 1 1.16667
1221 1 1.1
1222 1 1.4
1223 1 1
1224 1 1.23333
1225 1 1.23333
1226 1 1.23333
1227 1 1
1228 1 1.43333
1229 1 1.1
1230 1 1.06667
1231 1 1.13333
1232 1 1.23333
1233 1 1.13333
1234 1 1.03333
1235 1 1.2
1236 1 1
1237 1 1.1
1238 1 1
1239 1 1.16667
1240 1 1.06667
1241 1 1.13333
1242 1 1.33333
1243 1 1.2
1244 1 1.13333
1245 1 1.26667
1246 1 1.1
1247 1 1.16667
1248 1 1.23333
1249 1 1
1250 1 1.06667
1251 1 1.06667
1252 1 1.26667
1253 1 1
1254 1 1.06667
1255 1 1.2
1256 1 1.06667
1257 1 1.33333
1258 1 1.13333
1259 1 1.23333
1260 1 1.1
1261 1 1.23333
1262 1 1.13333
1263 1 1.13333
1264 1 1.13333
1265 1 1.06667
1266 1 1.23333
1267 1 1.1
1268 1 1.1
1269 1 1.2
1270 1 1.36667
1271 1 1.26667
1272 1 1.16667
1273 1 1.1
1274 1 1.36667
1275 1 1.06667
1276 1 1.16667
1277 1 1.1
1278 1 1.2
1279 1 1.26667
1280 1 1
1281 1 1.16667
1282 1 1.36667
1283 1 1.03333
1284 1 1.03333
1285 1 1.03333
1286 1 1.16667
1287 1 1.03333
1288 1 1.16667
1289 1 1.4
1290 1 1.33333
1291 1 1.13333
1292 1 1.33333
1293 1 1.2
1294 1 1.23333
1295 1 1.16667
1296 1 1.4
1297 1 1.4
1298 1 1.16667
1299 1 1.1
1300 1 1.1
1301 1 1.2
1302 1 1
1303 1 1.23333
1304 1 1.2
1305 1 1.16667
1306 1 1.03333
1307 1 1.1
1308 1 1.13333
1309 1 1.2
1310 1 1.16667
1311 1 1.13333
1312 1 1.36667
1313 1 1.2
1314 1 1.43333
1315 1 1.16667
1316 1 1.06667
1317 1 1.03333
1318 1 1.16667
1319 1 1.13333
1320 1 1.1
1321 1 1.13333
1322 1 1.43333
1323 1 1.06667
1324 1 1.33333
1325 1 1
1326 1 1.13333
1327 1 1.1
1328 1 1.26667
1329 1 1.06667
1330 1 1.13333
1331 1 1.23333
1332 1 1.26667
1333 1 1.23333
1334 1 1.03333
1335 1 1.13333
1336 1 1.4
1337 1 1.3
1338 1 1.23333
1339 1 1
1340 1 1.26667
1341 1 1.2
1342 1 1.26667
1343 1 1.23333
1344 1 1.26667
1345 1 1.03333
1346 1 1.16667
1347 1 1.26667
1348 1 1.26667
1349 1 1.06667
1350 1 1
1351 1 1.03333
1352 1 1.13333
1353 1 1.13333
1354 1 1.2
1355 1 1
1356 1 1.2
1357 1 1.1
1358 1 1.2
1359 1 1.06667
1360 1 1.13333
1361 1 1.06667
1362 1 1.13333
1363 1 1.26667
1364 1 1.1
1365 1 1.1
1366 1 1
1367 1 1.2
1368 1 1.16667
1369 1 1.36667
1370 1 1.16667
1371 1 1.2
1372 1 1.2
1373 1 1.13333
1374 1 1.03333
1375 1 1.13333
1376 1 1.1
1377 1 1.16667
1378 1 1.26667
1379 1 1.16667
1380 1 1.1
1381 1 1.3
1382 1 1.46667
1383 1 1.2
1384 1 1.1
1385 1 1.06667
1386 1 1.06667
1387 1 1.26667
1388 1 1.16667
1389 1 1.06667
1390 1 1
1391 1 1.23333
1392 1 1.3
1393 1 1.03333
1394 1 1.06667
1395 1 1.4
1396 1 1.1
1397 1 1.36667
1398 1 1.16667
1399 1 1.3
1400 1 1.1
1401 1 1.26667
1402 1 1.2
1403 1 1.33333
1404 1 1.06667
1405 1 1
1406 1 1.06667
1407 1 1.23333
1408 1 1.2
1409 1 1.36667
1410 1 1.23333
1411 1 1.3
1412 1 1.33333
1413 1 1.03333
1414 1 1.03333
1415 1 1.2
1416 1 1.1
1417 1 1.1
1418 1 1.13333
1419 1 1.13333
1420 1 1.23333
1421 1 1
1422 1 1.13333
1423 1 1.16667
1424 1 1.1
1425 1 1.03333
1426 1 1.13333
1427 1 1.3
1428 1 1.1
1429 1 1.26667
1430 1 1.26667
1431 1 1.4
1432 1 1.26667
1433 1 1.06667
1434 1 1.33333
1435 1 1.2
1436 1 1.06667
1437 1 1.2
1438 1 1.2
1439 1 1.26667
1440 1 1.23333
1441 1 1.13333
1442 1 1.03333
1443 1 1.23333
1444 1 1.03333
1445 1 1.06667
1446 1 1.2
1447 1 1.3
1448 1 1.2
1449 1 1.06667
1450 1 1.33333
1451 1 1.3
1452 1 1.36667
1453 1 1.23333
1454 1 1.1
1455 1 1.23333
1456 1 1.3
1457 1 1.13333
1458 1 1.06667
1459 1 1.23333
1460 1 1.36667
1461 1 1.2
1462 1 1.03333
1463 1 1.06667
1464 1 1.23333
1465 1 1.1
1466 1 1.13333
1467 1 1.13333
1468 1 1.06667
1469 1 1.23333
1470 1 1
1471 1 1.06667
1472 1 1.06667
1473 1 1.06667
1474 1 1.13333
1475 1 1
1476 1 1.1
1477 1 1.1
1478 1 1.06667
1479 1 1.36667
1480 1 1.1
1481 1 1.16667
1482 1 1.26667
1483 1 1.06667
1484 1 1.16667
1485 1 1.2
1486 1 1.2
1487 1 1.26667
1488 1 1.13333
1489 1 1.06667
1490 1 1.13333
1491 1 1.43333
1492 1 1.13333
1493 1 1.26667
1494 1 1.1
1495 1 1.06667
1496 1 1.3
1497 1 1.13333
1498 1 1.16667
1499 1 1.03333
1500 1 1.13333
1501 1 1.4
1502 1 1.06667
1503 1 1.03333
1504 1 1.1
1505 1 1.36667
1506 1 1.26667
1507 1 1.1
1508 1 1.2
1509 1 1.06667
1510 1 1.1
1511 1 1.3
1512 1 1.3
1513 1 1.3
1514 1 1.2
1515 1 1.3
1516 1 1.23333
1517 1 1.16667
1518 1 1.13333
1519 1 1.16667
1520 1 1.13333
1521 1 1.1
1522 1 1.13333
1523 1 1.06667
1524 1 1.3
1525 1 1.2
1526 1 1.3
1527 1 1.2
1528 1 1.16667
1529 1 1.1
1530 1 1.16667
1531 1 1.16667
1532 1 1.06667
1533 1 1.16667
1534 1 1.03333
1535 1 1.1
1536 1 1.06667
1537 1 1.2
1538 1 1.23333
1539 1 1.43333
1540 1 1.16667
1541 1 1.13333
1542 1 1.13333
1543 1 1.33333
1544 1 1.13333
1545 1 1.2
1546 1 1.16667
1547 1 1.13333
1548 1 1.43333
1549 1 1.06667
1550 1 1.03333
1551 1 1.13333
1552 1 1.03333
1553 1 1.06667
1554 1 1.1
1555 1 1.16667
1556 1 1.23333
1557 1 1
1558 1 1.36667
1559 1 1.2
1560 1 1
1561 1 1.33333
1562 1 1.03333
1563 1 1
1564 1 1
1565 1 1.1
1566 1 1.06667
1567 1 1.1
1568 1 1.23333
1569 1 1.1
1570 1 1.1
1571 1 1.1
1572 1 1.16667
1573 1 1.23333
1574 1 1.06667
1575 1 1
1576 1 1.3
1577 1 1.2
1578 1 1
1579 1 1.26667
1580 1 1.06667
1581 1 1.13333
1582 1 1.16667
1583 1 1.1
1584 1 1.13333
1585 1 1.36667
1586 1 1.2
1587 1 1.2
1588 1 1.36667
1589 1 1.13333
1590 1 1.3
1591 1 1.23333
1592 1 1.3
1593 1 1.13333
1594 1 1.1
1595 1 1.23333
1596 1 1.23333
1597 1 1.16667
1598 1 1.23333
1599 1 1.23333
1600 1 1.13333
1601 1 1.23333
1602 1 1.06667
1603 1 1.16667
1604 1 1.06667
1605 1 1.13333
1606 1 1.33333
1607 1 1.16667
1608 1 1.26667
1609 1 1.33333
1610 1 1.1
1611 1 1.2
1612 1 1.13333
1613 1 1.1
1614 1 1.16667
1615 1 1.4
1616 1 1.16667
1617 1 1.16667
1618 1 1.3
1619 1 1.03333
1620 1 1.23333
1621 1 1.2
1622 1 1.13333
1623 1 1.3
1624 1 1.13333
1625 1 1.06667
1626 1 1.03333
1627 1 1.06667
1628 1 1.1
1629 1 1.2
1630 1 1
1631 1 1.33333
1632 1 1.13333
1633 1 1.3
1634 1 1.16667
1635 1 1.03333
1636 1 1.06667
1637 1 1.3
1638 1 1.13333
1639 1 1.06667
1640 1 1
1641 1 1.26667
1642 1 1.13333
1643 1 1.5
1644 1 1.2
1645 1 1.06667
1646 1 1.43333
1647 1 1
1648 1 1.13333
1649 1 1.2
1650 1 1.03333
1651 1 1.26667
1652 1 1.13333
1653 1 1.06667
1654 1 1.06667
1655 1 1.2
1656 1 1.03333
1657 1 1.06667
1658 1 1.16667
1659 1 1
1660 1 1
1661 1 1.2
1662 1 1.23333
1663 1 1.23333
1664 1 1.03333
1665 1 1.2
1666 1 1
1667 1 1.33333
1668 1 1.1
1669 1 1.03333
1670 1 1.26667
1671 1 1.2
1672 1 1.13333
1673 1 1.13333
1674 1 1.3
1675 1 1.26667
1676 1 1.06667
1677 1 1.26667
1678 1 1.4
1679 1 1.23333
1680 1 1.2
1681 1 1.16667
1682 1 1.06667
1683 1 1.13333
1684 1 1.03333
1685 1 1.06667
1686 1 1.26667
1687 1 1.16667
1688 1 1.1
1689 1 1.2
1690 1 1.06667
1691 1 1.1
1692 1 1.06667
1693 1 1.3
1694 1 1.26667
1695 1 1.23333
1696 1 1.23333
1697 1 1.33333
1698 1 1.06667
1699 1 1.2
1700 1 1.23333
1701 1 1.23333
1702 1 1.1
1703 1 1.2
1704 1 1.33333
1705 1 1.23333
1706 1 1
1707 1 1.1
1708 1 1.13333
1709 1 1
1710 1 1.26667
1711 1 1.16667
1712 1 1.1
1713 1 1.2
1714 1 1.3
1715 1 1.13333
1716 1 1.06667
1717 1 1.36667
1718 1 1
1719 1 1.16667
1720 1 1.16667
1721 1 1.13333
1722 1 1.16667
1723 1 1.13333
1724 1 1.13333
1725 1 1.23333
1726 1 1.06667
1727 1 1.1
1728 1 1.13333
1729 1 1.3
1730 1 1
1731 1 1.06667
1732 1 1.2
1733 1 1.06667
1734 1 1.13333
1735 1 1.1
1736 1 1.26667
1737 1 1
1738 1 1.33333
1739 1 1.23333
1740 1 1.06667
1741 1 1.23333
1742 1 1.4
1743 1 1.2
1744 1 1.06667
1745 1 1.1
1746 1 1.1
1747 1 1.33333
1748 1 1.1
1749 1 1.2
1750 1 1.1
1751 1 1
1752 1 1.26667
1753 1 1.26667
1754 1 1.2
1755 1 1.26667
1756 1 1.03333
1757 1 1.16667
1758 1 1.06667
1759 1 1.1
1760 1 1.06667
1761 1 1.2
1762 1 1.16667
1763 1 1.2
1764 1 1.16667
1765 1 1.16667
1766 1 1.26667
1767 1 1.1
1768 1 1.23333
1769 1 1.33333
1770 1 1.16667
1771 1 1.33333
1772 1 1
1773 1 1.16667
1774 1 1.36667
1775 1 1.2
1776 1 1.2
1777 1 1.26667
1778 1 1.1
1779 1 1.06667
1780 1 1.1
1781 1 1.16667
1782 1 1.33333
1783 1 1.06667
1784 1 1.36667
1785 1 1.23333
1786 1 1.66667
1787 1 1
1788 1 1.1
1789 1 1.2
1790 1 1.16667
1791 1 1.1
1792 1 1.16667
1793 1 1.26667
1794 1 1.13333
1795 1 1.3
1796 1 1.23333
1797 1 1.13333
1798 1 1.06667
1799 1 1.13333
1800 1 1.2
1801 1 1.13333
1802 1 1.16667
1803 1 1.13333
1804 1 1.06667
1805 1 1.26667
1806 1 1.23333
1807 1 1.06667
1808 1 1
1809 1 1.16667
1810 1 1
1811 1 1.06667
1812 1 1.2
1813 1 1.23333
1814 1 1
1815 1 1.06667
1816 1 1.2
1817 1 1.23333
1818 1 1.1
1819 1 1.1
1820 1 1
1821 1 1.23333
1822 1 1.06667
1823 1 1.26667
1824 1 1.06667
1825 1 1.26667
1826 1 1.23333
1827 1 1.26667
1828 1 1.13333
1829 1 1.1
1830 1 1.26667
1831 1 1.2
1832 1 1.13333
1833 1 1
1834 1 1.06667
1835 1 1
1836 1 1.2
1837 1 1.3
1838 1 1.16667
1839 1 1.26667
1840 1 1.36667
1841 1 1.26667
1842 1 1.06667
1843 1 1.2
1844 1 1.1
1845 1 1.1
1846 1 1.03333
1847 1 1.56667
1848 1 1.06667
1849 1 1.13333
1850 1 1.26667
1851 1 1.16667
1852 1 1.06667
1853 1 1.23333
1854 1 1
1855 1 1.2
1856 1 1.26667
1857 1 1.16667
1858 1 1.06667
1859 1 1.3
1860 1 1.2
1861 1 1.2
1862 1 1.23333
1863 1 1.1
1864 1 1.4
1865 1 1.13333
1866 1 1.4
1867 1 1.1
1868 1 1.36667
1869 1 1.13333
1870 1 1.43333
1871 1 1.03333
1872 1 1.26667
1873 1 1.06667
1874 1 1.16667
1875 1 1.03333
1876 1 1
1877 1 1.2
1878 1 1.06667
1879 1 1.3
1880 1 1.2
1881 1 1.23333
1882 1 1.13333
1883 1 1.1
1884 1 1
1885 1 1.23333
1886 1 1.06667
1887 1 1.5
1888 1 1.4
1889 1 1.23333
1890 1 1.1
1891 1 1.1
1892 1 1.06667
1893 1 1.06667
1894 1 1.36667
1895 1 1.13333
1896 1 1.43333
1897 1 1.26667
1898 1 1.2
1899 1 1.1
1900 1 1
1901 1 1.33333
1902 1 1.23333
1903 1 1.13333
1904 1 1
1905 1 1.06667
1906 1 1.1
1907 1 1.3
1908 1 1.3
1909 1 1.16667
1910 1 1.1
1911 1 1.06667
1912 1 1.13333
1913 1 1
1914 1 1.43333
1915 1 1.26667
1916 1 1.13333
1917 1 1.03333
1918 1 1.16667
1919 1 1.03333
1920 1 1.36667
1921 1 1.3
1922 1 1.2
1923 1 1.23333
1924 1 1.2
1925 1 1.1
1926 1 1.1
1927 1 1.06667
1928 1 1.33333
1929 1 1.36667
1930 1 1.03333
1931 1 1.26667
1932 1 1.33333
1933 1 1.26667
1934 1 1.26667
1935 1 1.06667
1936 1 1
1937 1 1.26667
1938 1 1.1
1939 1 1
1940 1 1.33333
1941 1 1.33333
1942 1 1.33333
1943 1 1.16667
1944 1 1.3
1945 1 1.06667
1946 1 1.1
1947 1 1.36667
1948 1 1.1
1949 1 1.2
1950 1 1.23333
1951 1 1.16667
1952 1 1.16667
1953 1 1.33333
1954 1 1.16667
1955 1 1.13333
1956 1 1.16667
1957 1 1.1
1958 1 1.3
1959 1 1.3
1960 1 1.1
1961 1 1.06667
1962 1 1.13333
1963 1 1.2
1964 1 1.03333
1965 1 1
1966 1 1.33333
1967 1 1.1
1968 1 1.16667
1969 1 1
1970 1 1.06667
1971 1 1.23333
1972 1 1
1973 1 1.16667
1974 1 1.1
1975 1 1.13333
1976 1 1.2
1977 1 1.1
1978 1 1.2
1979 1 1.06667
1980 1 1.1
1981 1 1.33333
1982 1 1.23333
1983 1 1.4
1984 1 1.23333
1985 1 1.1
1986 1 1.3
1987 1 1.03333
1988 1 1.06667
1989 1 1.43333
1990 1 1.2
1991 1 1.26667
1992 1 1.3
1993 1 1
1994 1 1.2
1995 1 1.2
1996 1 1.16667
1997 1 1.23333
1998 1 1.06667
1999 1 1
2000 1 1.06667
