0 5 10.3
1 5 8.93333
2 5 8.96667
3 4 6.96667
4 4 6.03333
5 4 5.1
6 4 5.16667
7 4 5.06667
8 4 4.73333
9 3 4.63333
10 3 4.43333
11 3 4.43333
12 2 3.86667
13 1 3.16667
14 1 2.63333
15 1 1.93333
16 1 1.6
17 1 1.83333
18 1 1.23333
19 1 1.2
20 1 1.46667
21 1 1.7
22 1 1.56667
23 1 1.4
24 1 1.5
25 1 1.7
26 1 1.4
27 1 1.6
28 1 1.4
29 1 1.33333
30 1 1.33333
31 1 1.46667
32 1 1.7
33 1 1.66667
34 1 1.23333
35 1 1.46667
36 1 1.3
37 1 1.33333
38 1 1.6
39 1 1.3
40 1 1.3
41 1 1.23333
42 1 1.43333
43 1 1.63333
44 1 1.4
45 1 1.46667
46 1 1.46667
47 1 1.86667
48 1 1.56667
49 1 1.8
50 1 1.66667
51 1 1.63333
52 1 1.5
53 1 1.53333
54 1 1.43333
55 1 1.7
56 1 1.5
57 1 1.7
58 1 1.36667
59 1 1.76667
60 1 1.83333
61 1 1.26667
62 1 1.6
63 1 1.4
64 1 1.96667
65 1 2
66 1 1.6
67 1 1.63333
68 1 1.46667
69 1 1.66667
70 1 1.96667
71 1 1.66667
72 1 1.66667
73 1 1.46667
74 1 1.53333
75 1 1.4
76 1 1.63333
77 1 1.93333
78 1 1.63333
79 1 1.5
80 1 1.9
81 1 1.73333
82 1 1.3
83 1 1.5
84 1 1.66667
85 1 1.96667
86 1 1.3
87 1 1.46667
88 1 1.56667
89 1 1.93333
90 1 1.86667
91 1 1.73333
92 1 1.73333
93 1 1.83333
94 1 1.83333
95 1 1.7
96 1 1.56667
97 1 1.13333
98 1 1.5
99 1 1.4
100 1 1.53333
101 1 1.7
102 1 1.4
103 1 1.7
104 1 1.43333
105 1 1.46667
106 1 1.63333
107 1 1.3
108 1 2.4
109 1 1.76667
110 1 1.2
111 1 1.43333
112 1 1.33333
113 1 1.56667
114 1 1.43333
115 1 1.63333
116 1 1.56667
117 1 1.4
118 1 1.83333
119 1 1.5
120 1 1.66667
121 1 1.4
122 1 1.5
123 1 1.46667
124 1 1.56667
125 1 1.16667
126 1 1.16667
127 1 1.36667
128 1 1.26667
129 1 1.36667
130 1 1.66667
131 1 1.4
132 1 1.53333
133 1 1.2
134 1 1.76667
135 1 1.2
136 1 1.86667
137 1 1.43333
138 1 1.36667
139 1 1.6
140 1 1.56667
141 1 1.8
142 1 1.26667
143 1 1.73333
144 1 1.7
145 1 1.8
146 1 1.43333
147 1 1.66667
148 1 1.76667
149 1 1.46667
150 1 1.23333
151 1 1.4
152 1 1.66667
153 1 1.33333
154 1 1.43333
155 1 1.3
156 1 1.43333
157 1 1.63333
158 1 1.43333
159 1 1.56667
160 1 1.46667
161 1 1.53333
162 1 1.63333
163 1 1.63333
164 1 1.4
165 1 1.5
166 1 1.83333
167 1 1.5
168 1 1.66667
169 1 1.63333
170 1 1.4
171 1 1.66667
172 1 1.83333
173 1 1.3
174 1 1.36667
175 1 1.53333
176 1 1.5
177 1 1.73333
178 1 1.63333
179 1 1.46667
180 1 2.1
181 1 1.3
182 1 1.23333
183 1 1.46667
184 1 1.8
185 1 1.63333
186 1 1.5
187 1 1.43333
188 1 1.6
189 1 1.56667
190 1 1.6
191 1 1.4
192 1 1.76667
193 1 1.53333
194 1 1.83333
195 1 1.53333
196 1 2
197 1 1.66667
198 1 1.43333
199 1 1.6
200 1 1.56667
201 1 1.33333
202 1 1.66667
203 1 1.4
204 1 1.93333
205 1 1.7
206 1 1.33333
207 1 1.43333
208 1 1.76667
209 1 1.4
210 1 1.7
211 1 1.4
212 1 1.4
213 1 1.56667
214 1 1.43333
215 1 1.2
216 1 1.4
217 1 1.76667
218 1 1.46667
219 1 1.66667
220 1 1.33333
221 1 1.33333
222 1 1.53333
223 1 1.26667
224 1 1.46667
225 1 1.5
226 1 1.63333
227 1 1.6
228 1 1.5
229 1 1.5
230 1 1.43333
231 1 1.43333
232 1 1.7
233 1 1.53333
234 1 1.53333
235 1 1.9
236 1 1.53333
237 1 1.26667
238 1 1.4
239 1 1.7
240 1 1.46667
241 1 1.33333
242 1 1.73333
243 1 1.43333
244 1 1.26667
245 1 1.4
246 1 1.46667
247 1 1.3
248 1 1.5
249 1 1.43333
250 1 1.86667
251 1 1.6
252 1 1.3
253 1 1.46667
254 1 1.8
255 1 1.33333
256 1 1.6
257 1 1.56667
258 1 1.56667
259 1 1.46667
260 1 1.53333
261 1 1.9
262 1 1.23333
263 1 1.7
264 1 1.76667
265 1 1.6
266 1 1.56667
267 1 1.66667
268 1 1.36667
269 1 1.8
270 1 1.3
271 1 1.73333
272 1 1.5
273 1 2.13333
274 1 1.7
275 1 1.4
276 1 1.53333
277 1 1.66667
278 1 1.6
279 1 1.4
280 1 1.6
281 1 1.5
282 1 1.4
283 1 1.5
284 1 1.83333
285 1 1.4
286 1 1.6
287 1 1.76667
288 1 1.36667
289 1 1.63333
290 1 1.66667
291 1 1.93333
292 1 1.43333
293 1 1.33333
294 1 1.7
295 1 1.4
296 1 1.56667
297 1 1.53333
298 1 1.66667
299 1 1.8
300 1 1.33333
301 1 1.7
302 1 1.46667
303 1 1.73333
304 1 1.66667
305 1 1.53333
306 1 1.4
307 1 1.2
308 1 1.6
309 1 1.4
310 1 1.3
311 1 1.36667
312 1 1.43333
313 1 1.73333
314 1 1.56667
315 1 1.3
316 1 1.56667
317 1 1.66667
318 1 1.33333
319 1 1.43333
320 1 2.03333
321 1 1.23333
322 1 1.36667
323 1 1.46667
324 1 1.53333
325 1 1.7
326 1 1.4
327 1 1.5
328 1 1.83333
329 1 1.93333
330 1 1.7
331 1 1.76667
332 1 1.8
333 1 1.86667
334 1 1.8
335 1 1.13333
336 1 1.8
337 1 1.26667
338 1 1.26667
339 1 1.3
340 1 1.26667
341 1 1.16667
342 1 1.46667
343 1 1.26667
344 1 1.46667
345 1 1.46667
346 1 1.23333
347 1 1.5
348 1 1.2
349 1 1.73333
350 1 1.43333
351 1 1.23333
352 1 1.5
353 1 1.7
354 1 1.46667
355 1 1.5
356 1 1.56667
357 1 1.56667
358 1 1.46667
359 1 1.8
360 1 2.1
361 1 1.7
362 1 1.33333
363 1 1.2
364 1 1.4
365 1 1.5
366 1 1.6
367 1 1.63333
368 1 1.33333
369 1 1.9
370 1 1.4
371 1 1.36667
372 1 1.23333
373 1 1.66667
374 1 1.36667
375 1 1.6
376 1 1.56667
377 1 1.86667
378 1 1.56667
379 1 1.6
380 1 1.76667
381 1 1.86667
382 1 1.53333
383 1 1.8
384 1 1.33333
385 1 1.8
386 1 1.6
387 1 1.33333
388 1 1.76667
389 1 1.36667
390 1 1.43333
391 1 1.86667
392 1 1.4
393 1 1.8
394 1 1.56667
395 1 1.4
396 1 1.76667
397 1 1.6
398 1 1.73333
399 1 1.56667
400 1 1.7
401 1 1.56667
402 1 1.43333
403 1 1.9
404 1 1.53333
405 1 1.46667
406 1 1.5
407 1 1.5
408 1 1.63333
409 1 1.63333
410 1 1.43333
411 1 1.4
412 1 1.26667
413 1 1.7
414 1 1.16667
415 1 1.66667
416 1 1.4
417 1 1.56667
418 1 1.7
419 1 1.4
420 1 1.56667
421 1 1.96667
422 1 1.76667
423 1 1.43333
424 1 1.33333
425 1 1.36667
426 1 1.46667
427 1 1.46667
428 1 1.36667
429 1 1.6
430 1 1.3
431 1 1.36667
432 1 1.6
433 1 1.36667
434 1 1.4
435 1 1.4
436 1 1.53333
437 1 1.6
438 1 1.1
439 1 1.63333
440 1 1.2
441 1 1.7
442 1 1.4
443 1 1.53333
444 1 1.33333
445 1 1.7
446 1 1.43333
447 1 1.3
448 1 1.56667
449 1 1.46667
450 1 1.7
451 1 1.2
452 1 1.63333
453 1 1.76667
454 1 1.63333
455 1 1.66667
456 1 1.3
457 1 1.13333
458 1 1.36667
459 1 1.4
460 1 1.6
461 1 1.5
462 1 1.63333
463 1 1.73333
464 1 1.46667
465 1 1.4
466 1 1.66667
467 1 1.2
468 1 1.3
469 1 1.56667
470 1 1.23333
471 1 1.3
472 1 1.66667
473 1 1.83333
474 1 1.26667
475 1 1.36667
476 1 1.36667
477 1 1.56667
478 1 1.86667
479 1 1.53333
480 1 1.8
481 1 1.73333
482 1 1.8
483 1 2
484 1 1.56667
485 1 1.46667
486 1 1.66667
487 1 1.36667
488 1 1.4
489 1 1.73333
490 1 1.83333
491 1 1.7
492 1 1.4
493 1 1.76667
494 1 1.46667
495 1 1.46667
496 1 1.63333
497 1 1.23333
498 1 1.43333
499 1 1.7
500 1 1.43333
501 1 1.8
502 1 1.8
503 1 1.33333
504 1 1.83333
505 1 1.73333
506 1 1.43333
507 1 1.56667
508 1 1.73333
509 1 1.73333
510 1 1.4
511 1 1.43333
512 1 1.76667
513 1 1.5
514 1 1.46667
515 1 1.63333
516 1 1.43333
517 1 1.76667
518 1 1.83333
519 1 1.4
520 1 1.43333
521 1 1.5
522 1 1.43333
523 1 2.06667
524 1 1.56667
525 1 1.6
526 1 1.96667
527 1 1.7
528 1 1.46667
529 1 1.66667
530 1 1.23333
531 1 1.6
532 1 1.33333
533 1 1.63333
534 1 1.66667
535 1 1.7
536 1 1.86667
537 1 1.7
538 1 1.36667
539 1 1.76667
540 1 1.63333
541 1 1.6
542 1 1.7
543 1 1.36667
544 1 1.46667
545 1 1.6
546 1 1.5
547 1 1.43333
548 1 1.6
549 1 1.2
550 1 1.26667
551 1 1.23333
552 1 1.2
553 1 1.6
554 1 1.36667
555 1 1.7
556 1 1.4
557 1 1.36667
558 1 1.86667
559 1 1.13333
560 1 1.26667
561 1 1.7
562 1 1.63333
563 1 1.4
564 1 1.4
565 1 1.7
566 1 1.7
567 1 1.76667
568 1 1.83333
569 1 1.33333
570 1 1.63333
571 1 1.36667
572 1 1.66667
573 1 1.66667
574 1 1.66667
575 1 1.3
576 1 1.26667
577 1 1.53333
578 1 1.9
579 1 1.13333
580 1 1.23333
581 1 1.76667
582 1 1.66667
583 1 1.7
584 1 1.43333
585 1 1.53333
586 1 1.76667
587 1 1.33333
588 1 1.23333
589 1 1.5
590 1 1.5
591 1 2.16667
592 1 1.83333
593 1 1.43333
594 1 1.43333
595 1 1.76667
596 1 1.2
597 1 1.63333
598 1 1.6
599 1 1.43333
600 1 1.16667
601 1 1.56667
602 1 1.5
603 1 1.43333
604 1 1.43333
605 1 1.9
606 1 1.33333
607 1 1.5
608 1 2.03333
609 1 1.46667
610 1 1.5
611 1 1.53333
612 1 1.3
613 1 1.5
614 1 1.63333
615 1 1.6
616 1 1.6
617 1 1.33333
618 1 1.63333
619 1 2.1
620 1 1.33333
621 1 1.86667
622 1 1.7
623 1 1.7
624 1 1.33333
625 1 1.8
626 1 1.8
627 1 1.56667
628 1 1.9
629 1 1.26667
630 1 1.4
631 1 1.76667
632 1 1.46667
633 1 1.7
634 1 1.6
635 1 1.43333
636 1 1.4
637 1 1.4
638 1 1.76667
639 1 1.86667
640 1 1.7
641 1 1.83333
642 1 1.23333
643 1 1.73333
644 1 1.6
645 1 1.4
646 1 1.66667
647 1 1.53333
648 1 1.4
649 1 1.63333
650 1 1.53333
651 1 2.16667
652 1 1.3
653 1 1.4
654 1 1.53333
655 1 1.53333
656 1 1.8
657 1 1.66667
658 1 1.43333
659 1 1.5
660 1 1.43333
661 1 1.63333
662 1 1.53333
663 1 1.43333
664 1 1.66667
665 1 1.46667
666 1 1.66667
667 1 1.46667
668 1 1.23333
669 1 1.23333
670 1 1.5
671 1 1.56667
672 1 1.5
673 1 1.66667
674 1 1.4
675 1 1.6
676 1 1.83333
677 1 1.63333
678 1 1.73333
679 1 1.46667
680 1 1.13333
681 1 1.26667
682 1 1.4
683 1 1.4
684 1 1.8
685 1 1.4
686 1 1.76667
687 1 1.33333
688 1 1.53333
689 1 1.63333
690 1 1.73333
691 1 1.5
692 1 1.36667
693 1 1.33333
694 1 1.63333
695 1 1.43333
696 1 1.33333
697 1 1.6
698 1 1.43333
699 1 1.86667
700 1 1.66667
701 1 1.46667
702 1 1.73333
703 1 1.46667
704 1 1.5
705 1 1.4
706 1 1.66667
707 1 1.6
708 1 1.56667
709 1 1.83333
710 1 1.63333
711 1 1.5
712 1 1.56667
713 1 1.4
714 1 1.56667
715 1 1.46667
716 1 1.7
717 1 1.4
718 1 1.4
719 1 1.7
720 1 1.5
721 1 1.5
722 1 1.63333
723 1 1.63333
724 1 1.4
725 1 1.5
726 1 1.53333
727 1 1.8
728 1 1.86667
729 1 1.53333
730 1 1.43333
731 1 1.16667
732 1 1.4
733 1 1.43333
734 1 1.56667
735 1 1.36667
736 1 1.56667
737 1 1.5
738 1 1.6
739 1 1.6
740 1 1.6
741 1 1.23333
742 1 1.63333
743 1 1.46667
744 1 1.46667
745 1 1.16667
746 1 1.1
747 1 1.4
748 1 1.4
749 1 1.36667
750 1 1.5
751 1 1.53333
752 1 1.63333
753 1 1.43333
754 1 1.43333
755 1 1.43333
756 1 1.63333
757 1 1.8
758 1 1.43333
759 1 1.86667
760 1 1.6
761 1 1.3
762 1 1.6
763 1 1.43333
764 1 1.63333
765 1 1.66667
766 1 1.33333
767 1 1.6
768 1 1.36667
769 1 1.56667
770 1 1.43333
771 1 1.36667
772 1 1.33333
773 1 1.46667
774 1 1.46667
775 1 1.46667
776 1 1.86667
777 1 1.36667
778 1 1.7
779 1 1.73333
780 1 1.83333
781 1 1.5
782 1 1.43333
783 1 1.3
784 1 1.76667
785 1 1.33333
786 1 1.66667
787 1 1.4
788 1 1.3
789 1 1.2
790 1 1.7
791 1 1.7
792 1 1.4
793 1 1.63333
794 1 1.7
795 1 1.43333
796 1 1.46667
797 1 1.46667
798 1 1.73333
799 1 1.8
800 1 1.3
801 1 1.53333
802 1 1.9
803 1 1.46667
804 1 1.63333
805 1 1.33333
806 1 1.3
807 1 2
808 1 1.26667
809 1 1.56667
810 1 1.8
811 1 1.66667
812 1 1.36667
813 1 1.56667
814 1 1.6
815 1 1.23333
816 1 1.83333
817 1 1.16667
818 1 1.3
819 1 1.8
820 1 1.56667
821 1 1.53333
822 1 1.43333
823 1 1.43333
824 1 1.6
825 1 1.56667
826 1 1.33333
827 1 1.43333
828 1 1.76667
829 1 1.73333
830 1 1.56667
831 1 1.36667
832 1 1.5
833 1 1.53333
834 1 1.73333
835 1 1.63333
836 1 1.46667
837 1 1.56667
838 1 1.26667
839 1 1.8
840 1 1.63333
841 1 1.13333
842 1 1.36667
843 1 1.36667
844 1 1.76667
845 1 1.6
846 1 1.46667
847 1 1.43333
848 1 1.6
849 1 1.4
850 1 1.6
851 1 1.5
852 1 1.4
853 1 1.9
854 1 1.66667
855 1 1.63333
856 1 1.53333
857 1 1.5
858 1 1.3
859 1 1.26667
860 1 1.26667
861 1 1.43333
862 1 1.8
863 1 1.7
864 1 1.36667
865 1 1.63333
866 1 1.93333
867 1 1.36667
868 1 1.3
869 1 1.46667
870 1 1.36667
871 1 1.56667
872 1 1.3
873 1 1.7
874 1 1.7
875 1 1.8
876 1 1.6
877 1 1.46667
878 1 1.4
879 1 1.76667
880 1 1.2
881 1 1.36667
882 1 2.06667
883 1 1.6
884 1 1.26667
885 1 1.33333
886 1 1.13333
887 1 1.4
888 1 1.53333
889 1 1.7
890 1 1.5
891 1 1.96667
892 1 1.7
893 1 1.56667
894 1 1.76667
895 1 1.4
896 1 1.63333
897 1 1.66667
898 1 1.13333
899 1 1.33333
900 1 1.76667
901 1 1.46667
902 1 1.76667
903 1 1.4
904 1 1.5
905 1 1.13333
906 1 1.26667
907 1 1.83333
908 1 1.53333
909 1 1.5
910 1 1.4
911 1 1.46667
912 1 1.76667
913 1 1.5
914 1 1.46667
915 1 1.43333
916 1 1.73333
917 1 1.8
918 1 1.56667
919 1 1.6
920 1 1.5
921 1 1.33333
922 1 1.63333
923 1 1.4
924 1 2
925 1 1.5
926 1 1.4
927 1 1.66667
928 1 1.23333
929 1 1.26667
930 1 1.26667
931 1 1.56667
932 1 1.43333
933 1 1.33333
934 1 1.56667
935 1 1.33333
936 1 1.53333
937 1 1.83333
938 1 1.76667
939 1 1.6
940 1 1.53333
941 1 1.83333
942 1 1.93333
943 1 1.73333
944 1 1.26667
945 1 1.63333
946 1 1.7
947 1 1.66667
948 1 1.66667
949 1 1.73333
950 1 1.43333
951 1 1.33333
952 1 1.63333
953 1 1.8
954 1 1.63333
955 1 1.23333
956 1 1.33333
957 1 1.3
958 1 1.26667
959 1 1.26667
960 1 1.73333
961 1 1.7
962 1 1.53333
963 1 1.43333
964 1 1.56667
965 1 1.8
966 1 1.36667
967 1 1.36667
968 1 1.86667
969 1 1.53333
970 1 1.63333
971 1 1.43333
972 1 1.86667
973 1 1.73333
974 1 1.5
975 1 1.56667
976 1 1.66667
977 1 1.56667
978 1 1.6
979 1 1.56667
980 1 1.26667
981 1 1.23333
982 1 1.63333
983 1 1.4
984 1 1.33333
985 1 1.63333
986 1 1.56667
987 1 1.76667
988 1 1.56667
989 1 1.63333
990 1 1.7
991 1 1.43333
992 1 1.7
993 1 1.63333
994 1 1.36667
995 1 1.76667
996 1 1.43333
997 1 1.46667
998 1 1.43333
999 1 2
1000 1 1.5
