0 5 10.3
1 5 9.53333
2 5 7
3 4 5.2
4 4 4.8
5 3 4.26667
6 2 4.06667
7 2 3.2
8 2 2.76667
9 2 2.43333
10 2 2.6
11 2 2.36667
12 2 2.56667
13 1 2.33333
14 1 2.36667
15 1 1.53333
16 1 1.73333
17 1 1.26667
18 1 1.66667
19 1 1.46667
20 1 1.53333
21 1 1.73333
22 1 1.56667
23 1 1.5
24 1 1.16667
25 1 1.36667
26 1 1.56667
27 1 1.73333
28 1 1.66667
29 1 1.26667
30 1 1.66667
31 1 1.6
32 1 1.36667
33 1 1.7
34 1 1.7
35 1 1.7
36 1 1.5
37 1 1.3
38 1 1.46667
39 1 1.2
40 1 1.63333
41 1 1.6
42 1 1.63333
43 1 1.36667
44 1 1.76667
45 1 1.66667
46 1 1.46667
47 1 1.4
48 1 1.5
49 1 1.53333
50 1 1.33333
51 1 1.33333
52 1 1.96667
53 1 1.7
54 1 1.66667
55 1 1.56667
56 1 1.83333
57 1 1.36667
58 1 1.4
59 1 1.73333
60 1 1.76667
61 1 1.56667
62 1 1.3
63 1 1.6
64 1 1.63333
65 1 1.33333
66 1 1.76667
67 1 1.6
68 1 1.7
69 1 1.7
70 1 1.6
71 1 1.56667
72 1 1.63333
73 1 1.53333
74 1 1.1
75 1 1.7
76 1 1.53333
77 1 1.63333
78 1 1.46667
79 1 1.6
80 1 1.53333
81 1 1.43333
82 1 1.2
83 1 1.66667
84 1 1.4
85 1 1.46667
86 1 1.4
87 1 1.46667
88 1 1.43333
89 1 1.63333
90 1 1.63333
91 1 1.1
92 1 1.46667
93 1 1.36667
94 1 1.96667
95 1 1.36667
96 1 1.53333
97 1 1.63333
98 1 1.63333
99 1 1.5
100 1 1.9
101 1 1.43333
102 1 1.36667
103 1 1.6
104 1 1.3
105 1 1.4
106 1 1.23333
107 1 1.6
108 1 1.6
109 1 1.53333
110 1 1.5
111 1 1.36667
112 1 1.63333
113 1 1.63333
114 1 1.63333
115 1 1.7
116 1 1.9
117 1 1.3
118 1 1.86667
119 1 1.33333
120 1 1.56667
121 1 1.66667
122 1 1.6
123 1 1.53333
124 1 1.56667
125 1 1.5
126 1 1.4
127 1 1.4
128 1 1.66667
129 1 1.9
130 1 1.9
131 1 1.36667
132 1 1.46667
133 1 1.23333
134 1 1.6
135 1 1.43333
136 1 1.86667
137 1 1.63333
138 1 1.8
139 1 2
140 1 1.66667
141 1 1.66667
142 1 1.4
143 1 1.63333
144 1 1.96667
145 1 1.43333
146 1 1.43333
147 1 2.03333
148 1 1.5
149 1 1.23333
150 1 1.4
151 1 1.26667
152 1 1.73333
153 1 1.46667
154 1 1.86667
155 1 1.53333
156 1 1.4
157 1 1.7
158 1 1.56667
159 1 1.76667
160 1 1.53333
161 1 1.63333
162 1 1.36667
163 1 1.36667
164 1 1.63333
165 1 1.56667
166 1 1.93333
167 1 1.46667
168 1 1.33333
169 1 1.73333
170 1 1.86667
171 1 1.33333
172 1 1.6
173 1 1.46667
174 1 1.76667
175 1 1.6
176 1 1.5
177 1 1.46667
178 1 1.46667
179 1 1.73333
180 1 1.3
181 1 1.26667
182 1 1.96667
183 1 1.53333
184 1 1.56667
185 1 1.6
186 1 1.86667
187 1 1.3
188 1 1.53333
189 1 1.36667
190 1 1.73333
191 1 1.63333
192 1 1.63333
193 1 1.8
194 1 1.73333
195 1 1.83333
196 1 1.46667
197 1 1.4
198 1 1.56667
199 1 1.56667
200 1 1.76667
201 1 1.63333
202 1 1.56667
203 1 1.63333
204 1 1.73333
205 1 1.83333
206 1 1.63333
207 1 1.46667
208 1 1.73333
209 1 1.66667
210 1 1.3
211 1 1.7
212 1 1.53333
213 1 1.6
214 1 1.43333
215 1 1.8
216 1 1.7
217 1 1.36667
218 1 1.76667
219 1 2.03333
220 1 1.6
221 1 1.26667
222 1 1.83333
223 1 1.73333
224 1 1.36667
225 1 1.76667
226 1 1.43333
227 1 1.8
228 1 1.43333
229 1 1.53333
230 1 1.46667
231 1 1.56667
232 1 1.46667
233 1 1.73333
234 1 1.4
235 1 1.7
236 1 1.53333
237 1 1.23333
238 1 1.93333
239 1 1.7
240 1 1.53333
241 1 1.6
242 1 1.4
243 1 1.36667
244 1 1.76667
245 1 1.9
246 1 1.36667
247 1 1.63333
248 1 1.16667
249 1 1.5
250 1 1.5
251 1 1.46667
252 1 1.8
253 1 1.86667
254 1 1.63333
255 1 1.33333
256 1 1.53333
257 1 1.6
258 1 1.46667
259 1 1.5
260 1 1.66667
261 1 1.66667
262 1 1.63333
263 1 1.43333
264 1 1.6
265 1 1.73333
266 1 1.5
267 1 1.46667
268 1 1.33333
269 1 1.5
270 1 1.66667
271 1 1.36667
272 1 1.56667
273 1 1.36667
274 1 1.46667
275 1 1.66667
276 1 1.5
277 1 1.5
278 1 1.5
279 1 1.66667
280 1 1.6
281 1 1.53333
282 1 1.26667
283 1 1.36667
284 1 1.9
285 1 1.46667
286 1 1.3
287 1 1.46667
288 1 1.43333
289 1 1.46667
290 1 1.66667
291 1 1.66667
292 1 1.56667
293 1 1.63333
294 1 1.4
295 1 1.5
296 1 1.7
297 1 1.86667
298 1 1.36667
299 1 1.63333
300 1 1.4
301 1 1.33333
302 1 1.4
303 1 1.63333
304 1 1.46667
305 1 1.5
306 1 1.6
307 1 1.53333
308 1 1.7
309 1 1.86667
310 1 1.5
311 1 1.46667
312 1 1.76667
313 1 1.83333
314 1 1.53333
315 1 1.53333
316 1 1.7
317 1 1.66667
318 1 1.26667
319 1 1.53333
320 1 1.5
321 1 1.46667
322 1 1.63333
323 1 1.3
324 1 1.73333
325 1 1.63333
326 1 1.73333
327 1 1.66667
328 1 1.6
329 1 1.36667
330 1 1.36667
331 1 1.6
332 1 1.66667
333 1 1.33333
334 1 1.7
335 1 1.5
336 1 1.43333
337 1 1.9
338 1 1.7
339 1 1.5
340 1 1.8
341 1 1.6
342 1 1.43333
343 1 1.8
344 1 1.46667
345 1 1.56667
346 1 1.6
347 1 1.66667
348 1 1.33333
349 1 1.83333
350 1 1.56667
351 1 1.5
352 1 1.6
353 1 1.73333
354 1 1.7
355 1 1.56667
356 1 2.06667
357 1 1.7
358 1 1.33333
359 1 1.66667
360 1 1.8
361 1 1.43333
362 1 1.66667
363 1 1.4
364 1 1.13333
365 1 1.5
366 1 1.73333
367 1 1.73333
368 1 1.73333
369 1 1.5
370 1 1.4
371 1 1.06667
372 1 1.46667
373 1 1.73333
374 1 1.83333
375 1 1.43333
376 1 1.5
377 1 1.46667
378 1 1.63333
379 1 1.73333
380 1 1.63333
381 1 1.73333
382 1 1.43333
383 1 1.46667
384 1 1.33333
385 1 1.43333
386 1 1.53333
387 1 2.03333
388 1 1.63333
389 1 1.63333
390 1 1.56667
391 1 1.9
392 1 1.86667
393 1 1.46667
394 1 1.83333
395 1 1.23333
396 1 1.56667
397 1 1.83333
398 1 1.46667
399 1 1.36667
400 1 1.13333
401 1 1.63333
402 1 1.53333
403 1 1.56667
404 1 1.83333
405 1 1.6
406 1 1.6
407 1 1.93333
408 1 1.43333
409 1 1.8
410 1 1.73333
411 1 1.6
412 1 1.66667
413 1 1.86667
414 1 1.43333
415 1 1.43333
416 1 1.83333
417 1 1.66667
418 1 1.83333
419 1 1.23333
420 1 1.56667
421 1 1.53333
422 1 1.56667
423 1 2.06667
424 1 1.7
425 1 1.7
426 1 1.73333
427 1 1.3
428 1 1.53333
429 1 1.5
430 1 1.3
431 1 1.66667
432 1 1.9
433 1 1.63333
434 1 1.5
435 1 1.3
436 1 1.7
437 1 1.33333
438 1 1.63333
439 1 1.63333
440 1 1.8
441 1 1.26667
442 1 1.7
443 1 1.63333
444 1 1.76667
445 1 1.6
446 1 1.43333
447 1 1.6
448 1 1.5
449 1 1.6
450 1 1.63333
451 1 1.33333
452 1 1.63333
453 1 1.73333
454 1 1.5
455 1 1.4
456 1 1.7
457 1 1.7
458 1 1.7
459 1 1.23333
460 1 1.4
461 1 1.93333
462 1 1.5
463 1 1.56667
464 1 1.26667
465 1 1.5
466 1 1.53333
467 1 1.6
468 1 1.53333
469 1 1.66667
470 1 1.36667
471 1 1.73333
472 1 1.4
473 1 1.4
474 1 1.4
475 1 1.53333
476 1 1.5
477 1 1.43333
478 1 1.9
479 1 1.46667
480 1 1.63333
481 1 1.83333
482 1 1.76667
483 1 1.46667
484 1 1.33333
485 1 1.5
486 1 1.56667
487 1 1.4
488 1 1.73333
489 1 1.33333
490 1 1.46667
491 1 1.5
492 1 1.46667
493 1 1.26667
494 1 1.8
495 1 1.56667
496 1 1.23333
497 1 1.73333
498 1 1.46667
499 1 1.7
500 1 1.7
501 1 1.56667
502 1 1.73333
503 1 1.6
504 1 1.63333
505 1 1.53333
506 1 1.6
507 1 1.86667
508 1 1.53333
509 1 1.4
510 1 1.53333
511 1 1.8
512 1 1.13333
513 1 1.53333
514 1 1.5
515 1 1.6
516 1 1.8
517 1 1.5
518 1 1.76667
519 1 1.43333
520 1 1.8
521 1 1.46667
522 1 1.63333
523 1 1.33333
524 1 1.26667
525 1 1.33333
526 1 1.6
527 1 1.46667
528 1 1.73333
529 1 1.56667
530 1 1.7
531 1 1.7
532 1 1.76667
533 1 1.66667
534 1 1.4
535 1 1.46667
536 1 1.83333
537 1 1.46667
538 1 1.43333
539 1 1.36667
540 1 1.4
541 1 1.56667
542 1 1.5
543 1 1.76667
544 1 1.26667
545 1 1.76667
546 1 1.33333
547 1 1.36667
548 1 1.36667
549 1 1.36667
550 1 1.26667
551 1 1.4
552 1 1.56667
553 1 1.36667
554 1 1.63333
555 1 1.76667
556 1 1.36667
557 1 1.5
558 1 1.56667
559 1 1.66667
560 1 1.43333
561 1 1.9
562 1 1.4
563 1 1.76667
564 1 1.56667
565 1 1.5
566 1 1.4
567 1 1.26667
568 1 1.2
569 1 1.33333
570 1 1.73333
571 1 1.43333
572 1 1.66667
573 1 1.6
574 1 1.43333
575 1 1.76667
576 1 1.56667
577 1 1.8
578 1 1.8
579 1 1.56667
580 1 1.26667
581 1 1.63333
582 1 1.4
583 1 1.56667
584 1 1.5
585 1 1.9
586 1 1.36667
587 1 1.8
588 1 1.6
589 1 1.26667
590 1 1.66667
591 1 1.83333
592 1 1.66667
593 1 1.66667
594 1 1.53333
595 1 1.76667
596 1 1.46667
597 1 1.6
598 1 1.66667
599 1 1.6
600 1 1.4
601 1 1.5
602 1 1.36667
603 1 1.33333
604 1 1.76667
605 1 1.26667
606 1 1.7
607 1 1.43333
608 1 1.93333
609 1 1.63333
610 1 1.26667
611 1 1.8
612 1 1.76667
613 1 1.5
614 1 1.73333
615 1 1.4
616 1 1.5
617 1 1.7
618 1 1.73333
619 1 1.7
620 1 1.73333
621 1 1.63333
622 1 1.63333
623 1 1.53333
624 1 1.76667
625 1 1.43333
626 1 1.3
627 1 1.43333
628 1 1.26667
629 1 1.66667
630 1 1.66667
631 1 1.46667
632 1 1.33333
633 1 1.26667
634 1 1.63333
635 1 1.8
636 1 1.33333
637 1 1.56667
638 1 2.1
639 1 1.83333
640 1 1.7
641 1 1.26667
642 1 1.56667
643 1 1.96667
644 1 1.33333
645 1 1.66667
646 1 1.63333
647 1 1.26667
648 1 1.56667
649 1 1.6
650 1 1.6
651 1 1.46667
652 1 1.3
653 1 1.46667
654 1 1.6
655 1 1.66667
656 1 1.4
657 1 1.23333
658 1 2
659 1 1.46667
660 1 1.53333
661 1 1.33333
662 1 1.5
663 1 1.6
664 1 1.83333
665 1 1.26667
666 1 1.7
667 1 1.46667
668 1 1.5
669 1 1.46667
670 1 1.53333
671 1 1.6
672 1 1.56667
673 1 1.46667
674 1 1.6
675 1 1.56667
676 1 1.4
677 1 1.36667
678 1 1.16667
679 1 1.7
680 1 1.36667
681 1 1.66667
682 1 1.76667
683 1 1.33333
684 1 1.36667
685 1 1.2
686 1 1.73333
687 1 1.53333
688 1 1.5
689 1 1.5
690 1 1.8
691 1 1.7
692 1 1.3
693 1 1.5
694 1 1.53333
695 1 1.56667
696 1 1.66667
697 1 1.63333
698 1 1.76667
699 1 1.73333
700 1 1.6
701 1 1.46667
702 1 1.46667
703 1 1.46667
704 1 1.4
705 1 1.46667
706 1 1.16667
707 1 2.1
708 1 1.4
709 1 1.46667
710 1 1.63333
711 1 1.66667
712 1 1.33333
713 1 1.46667
714 1 1.33333
715 1 1.53333
716 1 1.33333
717 1 1.6
718 1 1.63333
719 1 1.63333
720 1 1.6
721 1 1.73333
722 1 1.83333
723 1 1.6
724 1 1.96667
725 1 1.5
726 1 1.3
727 1 1.3
728 1 1.73333
729 1 1.36667
730 1 1.9
731 1 1.73333
732 1 1.36667
733 1 1.43333
734 1 1.53333
735 1 1.83333
736 1 1.63333
737 1 1.73333
738 1 1.33333
739 1 1.5
740 1 1.53333
741 1 1.76667
742 1 1.46667
743 1 1.9
744 1 1.3
745 1 1.26667
746 1 1.63333
747 1 1.9
748 1 1.16667
749 1 2.03333
750 1 1.33333
751 1 1.36667
752 1 1.3
753 1 1.46667
754 1 1.53333
755 1 1.43333
756 1 1.5
757 1 1.43333
758 1 1.53333
759 1 1.63333
760 1 1.56667
761 1 1.6
762 1 2.1
763 1 1.4
764 1 1.6
765 1 1.43333
766 1 1.5
767 1 1.46667
768 1 1.9
769 1 1.5
770 1 1.46667
771 1 1.66667
772 1 1.43333
773 1 1.73333
774 1 1.63333
775 1 1.5
776 1 1.4
777 1 1.4
778 1 1.7
779 1 1.46667
780 1 1.5
781 1 1.56667
782 1 1.23333
783 1 1.1
784 1 1.66667
785 1 1.73333
786 1 1.33333
787 1 1.6
788 1 1.56667
789 1 1.66667
790 1 1.76667
791 1 1.5
792 1 1.2
793 1 1.8
794 1 1.23333
795 1 1.66667
796 1 1.56667
797 1 1.9
798 1 1.4
799 1 1.76667
800 1 1.83333
801 1 1.53333
802 1 1.43333
803 1 1.5
804 1 1.73333
805 1 1.36667
806 1 1.33333
807 1 2
808 1 1.33333
809 1 1.5
810 1 1.63333
811 1 1.46667
812 1 1.36667
813 1 1.5
814 1 1.56667
815 1 1.23333
816 1 1.36667
817 1 1.63333
818 1 1.13333
819 1 1.83333
820 1 1.23333
821 1 1.66667
822 1 1.36667
823 1 1.56667
824 1 1.7
825 1 1.66667
826 1 1.73333
827 1 1.43333
828 1 1.53333
829 1 1.4
830 1 1.76667
831 1 1.66667
832 1 1.6
833 1 1.2
834 1 1.4
835 1 1.56667
836 1 1.83333
837 1 1.5
838 1 1.23333
839 1 1.8
840 1 1.76667
841 1 1.4
842 1 1.43333
843 1 2
844 1 1.5
845 1 1.5
846 1 1.6
847 1 1.6
848 1 1.23333
849 1 1.5
850 1 1.4
851 1 1.36667
852 1 1.66667
853 1 1.63333
854 1 2
855 1 1.46667
856 1 1.56667
857 1 1.5
858 1 1.83333
859 1 1.36667
860 1 1.66667
861 1 1.53333
862 1 1.53333
863 1 1.6
864 1 1.53333
865 1 1.5
866 1 1.53333
867 1 1.53333
868 1 1.53333
869 1 1.33333
870 1 1.26667
871 1 1.83333
872 1 1.56667
873 1 1.83333
874 1 1.56667
875 1 1.46667
876 1 1.43333
877 1 1.73333
878 1 1.36667
879 1 1.7
880 1 1.9
881 1 1.3
882 1 1.56667
883 1 1.5
884 1 1.8
885 1 2
886 1 1.6
887 1 1.6
888 1 1.56667
889 1 1.56667
890 1 1.76667
891 1 1.56667
892 1 1.4
893 1 1.33333
894 1 1.7
895 1 1.26667
896 1 1.5
897 1 1.36667
898 1 1.46667
899 1 1.63333
900 1 1.53333
901 1 1.7
902 1 1.96667
903 1 1.3
904 1 1.7
905 1 1.86667
906 1 1.56667
907 1 1.33333
908 1 1.7
909 1 1.86667
910 1 1.43333
911 1 1.33333
912 1 1.33333
913 1 1.56667
914 1 1.3
915 1 1.3
916 1 1.83333
917 1 1.63333
918 1 1.6
919 1 2
920 1 1.86667
921 1 1.7
922 1 1.6
923 1 1.5
924 1 2
925 1 1.53333
926 1 1.73333
927 1 1.43333
928 1 1.43333
929 1 1.66667
930 1 1.7
931 1 1.93333
932 1 1.5
933 1 1.43333
934 1 1.23333
935 1 1.93333
936 1 2
937 1 1.73333
938 1 1.53333
939 1 1.6
940 1 1.8
941 1 1.63333
942 1 1.36667
943 1 1.53333
944 1 1.63333
945 1 1.53333
946 1 1.73333
947 1 1.66667
948 1 1.6
949 1 1.26667
950 1 1.6
951 1 1.83333
952 1 1.43333
953 1 1.5
954 1 1.5
955 1 1.8
956 1 1.4
957 1 1.6
958 1 1.66667
959 1 1.63333
960 1 1.3
961 1 1.6
962 1 1.66667
963 1 1.46667
964 1 1.83333
965 1 1.5
966 1 1.46667
967 1 1.26667
968 1 1.86667
969 1 1.86667
970 1 1.36667
971 1 1.2
972 1 1.26667
973 1 1.83333
974 1 1.6
975 1 1.5
976 1 1.33333
977 1 1.66667
978 1 1.5
979 1 1.56667
980 1 1.83333
981 1 1.53333
982 1 1.7
983 1 1.73333
984 1 1.63333
985 1 1.56667
986 1 2.13333
987 1 1.46667
988 1 1.6
989 1 1.6
990 1 1.3
991 1 1.73333
992 1 1.43333
993 1 1.46667
994 1 1.43333
995 1 1.33333
996 1 1.4
997 1 1.26667
998 1 1.3
999 1 1.7
1000 1 1.53333
