0 4 10.0333
1 4 8.56667
2 4 6.96667
3 4 6.2
4 4 5.8
5 4 5.83333
6 2 4.83333
7 2 4.53333
8 2 3.86667
9 1 3.5
10 1 2.63333
11 1 2.6
12 1 2.36667
13 1 2.36667
14 1 2.33333
15 1 2.13333
16 1 2.33333
17 1 2.2
18 1 2
19 1 2.3
20 1 2.26667
21 1 1.83333
22 1 2.23333
23 1 2.5
24 1 2.2
25 1 1.93333
26 1 2.03333
27 1 2.36667
28 1 2.13333
29 1 2.36667
30 1 2.26667
31 1 1.86667
32 1 1.96667
33 1 2
34 1 2.16667
35 1 2.4
36 1 2.73333
37 1 2.26667
38 1 2.33333
39 1 2.06667
40 1 1.96667
41 1 2.06667
42 1 2.06667
43 1 1.73333
44 1 1.86667
45 1 2.33333
46 1 1.96667
47 1 1.96667
48 1 2.6
49 1 2
50 1 2.06667
51 1 2.06667
52 1 2.33333
53 1 1.83333
54 1 2.03333
55 1 1.86667
56 1 1.6
57 1 2.1
58 1 2.13333
59 1 2.03333
60 1 2.13333
61 1 2.36667
62 1 2
63 1 1.96667
64 1 1.9
65 1 2.03333
66 1 2.3
67 1 2.3
68 1 1.76667
69 1 1.66667
70 1 1.9
71 1 2.23333
72 1 2.23333
73 1 1.86667
74 1 2.56667
75 1 2.6
76 1 2.73333
77 1 2.16667
78 1 2
79 1 2.06667
80 1 2.16667
81 1 2.26667
82 1 2.73333
83 1 2.4
84 1 2.03333
85 1 2
86 1 2.36667
87 1 2.6
88 1 1.63333
89 1 2.26667
90 1 2.2
91 1 2.03333
92 1 1.96667
93 1 2.5
94 1 2.06667
95 1 1.9
96 1 2.2
97 1 2.13333
98 1 2.26667
99 1 2
100 1 2.46667
101 1 2.66667
102 1 2.46667
103 1 2.2
104 1 2.16667
105 1 2.16667
106 1 2.06667
107 1 1.7
108 1 2.1
109 1 2.3
110 1 1.76667
111 1 2.2
112 1 2.66667
113 1 2.56667
114 1 2.33333
115 1 2.03333
116 1 1.8
117 1 1.8
118 1 1.96667
119 1 2.23333
120 1 2.3
121 1 1.83333
122 1 2.36667
123 1 1.9
124 1 1.86667
125 1 2.1
126 1 2.1
127 1 2.06667
128 1 1.9
129 1 2.03333
130 1 2.56667
131 1 2.6
132 1 2.53333
133 1 2.33333
134 1 2.06667
135 1 1.93333
136 1 2.2
137 1 2.03333
138 1 2
139 1 2.06667
140 1 2.23333
141 1 2.13333
142 1 2.53333
143 1 2.2
144 1 2.43333
145 1 2.03333
146 1 2.06667
147 1 2.23333
148 1 2
149 1 1.9
150 1 2.3
151 1 1.96667
152 1 2.13333
153 1 1.96667
154 1 1.8
155 1 2.1
156 1 2.1
157 1 2.5
158 1 2.33333
159 1 1.73333
160 1 1.9
161 1 1.96667
162 1 2.4
163 1 2
164 1 1.9
165 1 2.33333
166 1 1.96667
167 1 2.13333
168 1 2.3
169 1 2.06667
170 1 2.06667
171 1 2.5
172 1 2.06667
173 1 2.5
174 1 2.26667
175 1 2.36667
176 1 2.13333
177 1 2.03333
178 1 1.96667
179 1 2.4
180 1 2.33333
181 1 2
182 1 2.1
183 1 2.4
184 1 1.83333
185 1 2.23333
186 1 2.16667
187 1 2.3
188 1 1.96667
189 1 1.7
190 1 2.33333
191 1 2.03333
192 1 2.13333
193 1 2.13333
194 1 1.9
195 1 2.43333
196 1 2.53333
197 1 2.76667
198 1 2.33333
199 1 2.4
200 1 2.2
201 1 1.93333
202 1 2.06667
203 1 2.16667
204 1 2.2
205 1 2.1
206 1 2.26667
207 1 2.03333
208 1 2.13333
209 1 1.83333
210 1 2.56667
211 1 2.16667
212 1 2.36667
213 1 1.83333
214 1 2.5
215 1 2.26667
216 1 2.23333
217 1 2.4
218 1 2.36667
219 1 2.2
220 1 2.36667
221 1 2.33333
222 1 2.23333
223 1 2.7
224 1 1.9
225 1 2.36667
226 1 2.06667
227 1 2.26667
228 1 2.33333
229 1 2.3
230 1 2.73333
231 1 2.1
232 1 2.1
233 1 2.23333
234 1 2.1
235 1 2.1
236 1 2.16667
237 1 1.86667
238 1 1.83333
239 1 2.33333
240 1 2.26667
241 1 1.96667
242 1 2.2
243 1 2.26667
244 1 2.46667
245 1 2.13333
246 1 2.5
247 1 2.26667
248 1 1.96667
249 1 2.3
250 1 2
251 1 2
252 1 2.13333
253 1 2.2
254 1 2.4
255 1 2.6
256 1 2.53333
257 1 2.33333
258 1 2.06667
259 1 1.8
260 1 2.4
261 1 2.36667
262 1 2.5
263 1 2.66667
264 1 2.56667
265 1 2.8
266 1 2.56667
267 1 2.43333
268 1 2.4
269 1 2.4
270 1 2.16667
271 1 2.63333
272 1 2.63333
273 1 2.06667
274 1 2.1
275 1 2.13333
276 1 2.06667
277 1 2.2
278 1 2.26667
279 1 2.2
280 1 2.6
281 1 2.13333
282 1 2.2
283 1 1.96667
284 1 2.2
285 1 2.46667
286 1 2.23333
287 1 2.23333
288 1 2.03333
289 1 2.23333
290 1 2.26667
291 1 2.16667
292 1 1.76667
293 1 2.43333
294 1 2.1
295 1 2.73333
296 1 2.26667
297 1 2.33333
298 1 1.63333
299 1 2.06667
300 1 2.16667
301 1 2.36667
302 1 1.96667
303 1 2.3
304 1 2.16667
305 1 2.4
306 1 2
307 1 2.7
308 1 2.26667
309 1 2.2
310 1 2.3
311 1 2.06667
312 1 2.46667
313 1 2.53333
314 1 2.13333
315 1 2.36667
316 1 2.2
317 1 2.3
318 1 2.2
319 1 2.13333
320 1 1.83333
321 1 2.6
322 1 2.36667
323 1 2.36667
324 1 1.66667
325 1 1.93333
326 1 2.1
327 1 2.33333
328 1 2.23333
329 1 2.33333
330 1 2.13333
331 1 2.3
332 1 2.06667
333 1 1.63333
334 1 2.2
335 1 2.03333
336 1 2.03333
337 1 1.9
338 1 2
339 1 2.4
340 1 2.43333
341 1 2.03333
342 1 2.06667
343 1 2.3
344 1 1.9
345 1 2.16667
346 1 2.16667
347 1 2.1
348 1 2.3
349 1 2.1
350 1 1.9
351 1 2.13333
352 1 1.86667
353 1 2.06667
354 1 2.13333
355 1 2.03333
356 1 1.93333
357 1 2.06667
358 1 2.53333
359 1 2.4
360 1 1.93333
361 1 1.76667
362 1 2.53333
363 1 1.83333
364 1 2.2
365 1 2.5
366 1 2.43333
367 1 2.13333
368 1 2.16667
369 1 2.03333
370 1 2.3
371 1 2.13333
372 1 2.03333
373 1 2.33333
374 1 2.2
375 1 1.96667
376 1 2.4
377 1 2.26667
378 1 2.16667
379 1 1.7
380 1 2.3
381 1 2.8
382 1 1.66667
383 1 2.06667
384 1 2.53333
385 1 2.06667
386 1 2.06667
387 1 2.4
388 1 2.33333
389 1 2.3
390 1 2.03333
391 1 2.1
392 1 2.43333
393 1 1.96667
394 1 2.06667
395 1 2.03333
396 1 1.93333
397 1 2.4
398 1 2.13333
399 1 1.96667
400 1 2.03333
401 1 2.03333
402 1 2.43333
403 1 1.9
404 1 2.4
405 1 1.56667
406 1 2.33333
407 1 2.1
408 1 2.16667
409 1 1.9
410 1 2.1
411 1 2.43333
412 1 2.36667
413 1 2.03333
414 1 1.8
415 1 2.3
416 1 1.8
417 1 1.96667
418 1 1.86667
419 1 1.96667
420 1 2.13333
421 1 2.36667
422 1 2.03333
423 1 2.26667
424 1 2.36667
425 1 2.06667
426 1 2.2
427 1 1.93333
428 1 2.2
429 1 2.86667
430 1 3.1
431 1 2.43333
432 1 2.56667
433 1 2.03333
434 1 1.46667
435 1 2.3
436 1 1.9
437 1 2.23333
438 1 2.5
439 1 2.46667
440 1 2.4
441 1 2.13333
442 1 2.23333
443 1 2.1
444 1 2.43333
445 1 2.06667
446 1 2.16667
447 1 1.93333
448 1 2.1
449 1 2.3
450 1 2.1
451 1 2.23333
452 1 2.16667
453 1 2.23333
454 1 2.23333
455 1 2.73333
456 1 2.33333
457 1 2.2
458 1 2.03333
459 1 2.26667
460 1 2.06667
461 1 1.6
462 1 2.03333
463 1 2.2
464 1 1.86667
465 1 1.93333
466 1 2.43333
467 1 1.9
468 1 2.5
469 1 2.06667
470 1 2
471 1 2.2
472 1 2.1
473 1 2.13333
474 1 2.1
475 1 2.23333
476 1 2.16667
477 1 2.03333
478 1 2
479 1 2.26667
480 1 2.46667
481 1 2.26667
482 1 1.9
483 1 1.86667
484 1 2.16667
485 1 1.96667
486 1 2
487 1 2.4
488 1 2.16667
489 1 2.03333
490 1 2.63333
491 1 1.9
492 1 2.06667
493 1 1.53333
494 1 1.8
495 1 2
496 1 2.03333
497 1 2.26667
498 1 2.06667
499 1 2.6
500 1 2.56667
501 1 2
502 1 2.2
503 1 2.23333
504 1 2.4
505 1 1.96667
506 1 1.96667
507 1 2.46667
508 1 2.33333
509 1 2.33333
510 1 1.93333
511 1 2.26667
512 1 2.33333
513 1 1.93333
514 1 2
515 1 1.96667
516 1 2.06667
517 1 1.93333
518 1 1.76667
519 1 2.13333
520 1 2.13333
521 1 1.8
522 1 2.3
523 1 2.2
524 1 1.73333
525 1 2.03333
526 1 2.3
527 1 2.33333
528 1 2
529 1 1.66667
530 1 2.53333
531 1 2.36667
532 1 2.03333
533 1 1.93333
534 1 1.86667
535 1 1.83333
536 1 2.23333
537 1 1.93333
538 1 2.43333
539 1 1.86667
540 1 2.33333
541 1 2
542 1 2.2
543 1 2.43333
544 1 2.03333
545 1 1.83333
546 1 2.16667
547 1 1.96667
548 1 2.6
549 1 2.26667
550 1 2.3
551 1 2.43333
552 1 2.13333
553 1 2.2
554 1 2.2
555 1 1.86667
556 1 2.33333
557 1 1.93333
558 1 2.23333
559 1 2.13333
560 1 2.2
561 1 1.96667
562 1 2.06667
563 1 1.83333
564 1 2.16667
565 1 2.76667
566 1 1.63333
567 1 2.2
568 1 2.36667
569 1 2.16667
570 1 2.26667
571 1 2.3
572 1 2.13333
573 1 2.33333
574 1 2.36667
575 1 2.4
576 1 1.7
577 1 2.46667
578 1 2.06667
579 1 2.53333
580 1 2.6
581 1 2.03333
582 1 2.4
583 1 2.6
584 1 2.43333
585 1 2.16667
586 1 2.16667
587 1 2.4
588 1 2.33333
589 1 2.4
590 1 2.3
591 1 2.1
592 1 1.96667
593 1 2.06667
594 1 1.9
595 1 2.2
596 1 2.23333
597 1 2.16667
598 1 2.4
599 1 2.36667
600 1 2.03333
601 1 2.26667
602 1 2.2
603 1 2.33333
604 1 2.33333
605 1 2.33333
606 1 2.36667
607 1 2.1
608 1 1.86667
609 1 2.3
610 1 2.06667
611 1 1.6
612 1 2.3
613 1 2.36667
614 1 2.13333
615 1 2.26667
616 1 2.03333
617 1 2.33333
618 1 2
619 1 2.16667
620 1 2.46667
621 1 2
622 1 1.96667
623 1 2.4
624 1 2.36667
625 1 2.36667
626 1 1.63333
627 1 2.13333
628 1 2.33333
629 1 2.26667
630 1 1.9
631 1 1.9
632 1 2.23333
633 1 2
634 1 1.9
635 1 2.06667
636 1 2.36667
637 1 2.4
638 1 2.4
639 1 2.03333
640 1 2.2
641 1 2.2
642 1 2.06667
643 1 2
644 1 2.33333
645 1 2
646 1 1.76667
647 1 2.1
648 1 2.06667
649 1 2.26667
650 1 2.5
651 1 2.33333
652 1 2.3
653 1 2.23333
654 1 2.46667
655 1 2.26667
656 1 2.2
657 1 2
658 1 1.86667
659 1 2.6
660 1 2.56667
661 1 2.36667
662 1 2.3
663 1 2.53333
664 1 2.4
665 1 2.16667
666 1 2.33333
667 1 1.93333
668 1 2
669 1 1.96667
670 1 2.56667
671 1 2.16667
672 1 2.26667
673 1 1.8
674 1 2.76667
675 1 2.33333
676 1 2.33333
677 1 2.2
678 1 2.23333
679 1 2.1
680 1 2
681 1 1.8
682 1 2.33333
683 1 2.1
684 1 2.46667
685 1 1.9
686 1 2.26667
687 1 1.76667
688 1 2.16667
689 1 2.33333
690 1 2.03333
691 1 2.1
692 1 2.13333
693 1 2.3
694 1 2.26667
695 1 2.03333
696 1 2.16667
697 1 2
698 1 1.93333
699 1 2.03333
700 1 1.9
701 1 2.33333
702 1 2.4
703 1 2.1
704 1 2.2
705 1 2.53333
706 1 1.93333
707 1 2.2
708 1 2.33333
709 1 1.96667
710 1 2.53333
711 1 2.56667
712 1 2.13333
713 1 2.13333
714 1 2.06667
715 1 2.03333
716 1 2.13333
717 1 2.13333
718 1 2.2
719 1 2.1
720 1 2.36667
721 1 2.1
722 1 2
723 1 2.23333
724 1 2.1
725 1 2.4
726 1 2.33333
727 1 1.73333
728 1 2.03333
729 1 2.2
730 1 1.9
731 1 1.96667
732 1 2
733 1 2
734 1 2.5
735 1 1.96667
736 1 2.36667
737 1 2.26667
738 1 2.4
739 1 2
740 1 2.73333
741 1 1.86667
742 1 1.86667
743 1 2.1
744 1 2.46667
745 1 2.3
746 1 2.73333
747 1 2.13333
748 1 2.43333
749 1 2.36667
750 1 2.4
751 1 2.26667
752 1 2
753 1 2.43333
754 1 2.46667
755 1 2.3
756 1 2.16667
757 1 1.9
758 1 2.23333
759 1 1.66667
760 1 2.16667
761 1 2.53333
762 1 2.26667
763 1 1.96667
764 1 1.83333
765 1 2.06667
766 1 1.86667
767 1 2.23333
768 1 2.03333
769 1 2.3
770 1 2.16667
771 1 2.33333
772 1 2.33333
773 1 2.26667
774 1 2.23333
775 1 1.96667
776 1 1.76667
777 1 2.13333
778 1 2.1
779 1 1.83333
780 1 1.9
781 1 2.16667
782 1 1.8
783 1 2.33333
784 1 2.43333
785 1 2.23333
786 1 2.16667
787 1 2.5
788 1 1.53333
789 1 2.26667
790 1 2.36667
791 1 2.1
792 1 2.06667
793 1 1.86667
794 1 2.36667
795 1 2.63333
796 1 2.2
797 1 2.1
798 1 2.1
799 1 2.33333
800 1 2.5
801 1 2.36667
802 1 2.33333
803 1 2.3
804 1 2.23333
805 1 2.1
806 1 2.26667
807 1 2.16667
808 1 2.33333
809 1 2.36667
810 1 1.7
811 1 2.06667
812 1 1.96667
813 1 2.26667
814 1 1.83333
815 1 2.5
816 1 2.46667
817 1 2.13333
818 1 2.23333
819 1 2.36667
820 1 2.13333
821 1 1.96667
822 1 2.43333
823 1 1.96667
824 1 1.96667
825 1 2.36667
826 1 2.2
827 1 1.76667
828 1 1.93333
829 1 2.13333
830 1 2
831 1 2.33333
832 1 2.23333
833 1 2.56667
834 1 2.33333
835 1 2.23333
836 1 1.93333
837 1 2.2
838 1 2.1
839 1 1.7
840 1 2.16667
841 1 2.4
842 1 2.26667
843 1 2.5
844 1 1.86667
845 1 2.4
846 1 2.2
847 1 2.4
848 1 2.16667
849 1 1.96667
850 1 1.93333
851 1 2.26667
852 1 2.53333
853 1 2.5
854 1 2.33333
855 1 2.2
856 1 2.36667
857 1 2.03333
858 1 2.06667
859 1 2
860 1 2.1
861 1 2.16667
862 1 2.26667
863 1 2
864 1 2.3
865 1 2.26667
866 1 2.4
867 1 2.3
868 1 1.93333
869 1 2.43333
870 1 2.63333
871 1 2.73333
872 1 2.3
873 1 1.8
874 1 2.26667
875 1 1.83333
876 1 2.43333
877 1 2.46667
878 1 2.03333
879 1 2.36667
880 1 2.46667
881 1 2.06667
882 1 2.23333
883 1 2
884 1 2.33333
885 1 2.46667
886 1 2.06667
887 1 2.46667
888 1 2.23333
889 1 2.1
890 1 2.3
891 1 2.03333
892 1 2.4
893 1 1.8
894 1 1.9
895 1 1.9
896 1 2.4
897 1 2.06667
898 1 1.8
899 1 2.16667
900 1 1.93333
901 1 2.13333
902 1 2.16667
903 1 2.33333
904 1 2.23333
905 1 2.2
906 1 1.8
907 1 2.06667
908 1 2.1
909 1 2
910 1 1.76667
911 1 1.76667
912 1 2.26667
913 1 1.83333
914 1 1.96667
915 1 2.13333
916 1 2.56667
917 1 2.36667
918 1 2.1
919 1 2.23333
920 1 1.96667
921 1 1.96667
922 1 1.83333
923 1 2
924 1 2.53333
925 1 2.23333
926 1 2.36667
927 1 2.33333
928 1 1.83333
929 1 1.93333
930 1 2
931 1 2.3
932 1 2.33333
933 1 2.06667
934 1 2.26667
935 1 2.16667
936 1 2.23333
937 1 1.86667
938 1 2.03333
939 1 2
940 1 2.6
941 1 2.03333
942 1 2.13333
943 1 1.66667
944 1 2.43333
945 1 2.43333
946 1 2.43333
947 1 2.1
948 1 1.96667
949 1 1.96667
950 1 2.03333
951 1 2.2
952 1 2.5
953 1 2.06667
954 1 2.3
955 1 1.86667
956 1 2.03333
957 1 1.93333
958 1 2.13333
959 1 1.96667
960 1 2.3
961 1 2
962 1 2.2
963 1 2
964 1 2.3
965 1 1.86667
966 1 1.73333
967 1 2.03333
968 1 2.2
969 1 2.26667
970 1 1.73333
971 1 1.96667
972 1 2.4
973 1 2
974 1 2.13333
975 1 2.2
976 1 2.43333
977 1 2.7
978 1 2.53333
979 1 2.8
980 1 2.36667
981 1 2.1
982 1 1.96667
983 1 1.93333
984 1 2.23333
985 1 2
986 1 1.83333
987 1 1.9
988 1 2.13333
989 1 2.33333
990 1 2.03333
991 1 2.2
992 1 2.4
993 1 2.1
994 1 2.43333
995 1 2.16667
996 1 2.36667
997 1 2.23333
998 1 1.86667
999 1 2.33333
1000 1 2.03333
