0 7 10.3333
1 6 9.5
2 4 8.5
3 4 7
4 3 5.9
5 3 5.36667
6 3 5.86667
7 3 4.63333
8 3 4.7
9 3 4.33333
10 3 4.3
11 2 4.4
12 2 3.93333
13 2 3.73333
14 2 3.43333
15 2 2.96667
16 2 2.86667
17 2 3.16667
18 1 2.76667
19 1 2.6
20 1 2.43333
21 1 2.13333
22 1 1.93333
23 1 2.36667
24 1 2.46667
25 1 2.3
26 1 1.9
27 1 2.43333
28 1 2.43333
29 1 2.36667
30 1 2
31 1 2.23333
32 1 2.36667
33 1 2.3
34 1 2.2
35 1 2.56667
36 1 2.3
37 1 2.16667
38 1 2.7
39 1 1.96667
40 1 2.03333
41 1 2.16667
42 1 1.96667
43 1 2.13333
44 1 2.2
45 1 2.3
46 1 2.2
47 1 2.5
48 1 2.03333
49 1 1.86667
50 1 2.6
51 1 2.43333
52 1 2.36667
53 1 1.86667
54 1 2.06667
55 1 1.9
56 1 2.4
57 1 2.36667
58 1 1.83333
59 1 2.46667
60 1 2.13333
61 1 2.16667
62 1 2.23333
63 1 1.8
64 1 2.13333
65 1 2.36667
66 1 2.4
67 1 1.96667
68 1 2.23333
69 1 2.23333
70 1 2.16667
71 1 2.5
72 1 2.36667
73 1 1.86667
74 1 1.73333
75 1 1.86667
76 1 2.23333
77 1 2.26667
78 1 2.23333
79 1 2.1
80 1 1.86667
81 1 1.86667
82 1 2.16667
83 1 2.6
84 1 2.4
85 1 2.46667
86 1 2.16667
87 1 1.8
88 1 2.23333
89 1 2.2
90 1 2.36667
91 1 2.56667
92 1 2.8
93 1 2.23333
94 1 1.73333
95 1 2.03333
96 1 2.16667
97 1 1.8
98 1 2
99 1 1.83333
100 1 2.26667
101 1 2.33333
102 1 2.06667
103 1 2.03333
104 1 2.33333
105 1 1.8
106 1 2.03333
107 1 2
108 1 2.03333
109 1 2.43333
110 1 2.03333
111 1 2.23333
112 1 2.3
113 1 2.56667
114 1 2.4
115 1 2.03333
116 1 2.03333
117 1 2.1
118 1 2.33333
119 1 2.03333
120 1 1.83333
121 1 1.9
122 1 2.2
123 1 2.26667
124 1 2.3
125 1 2
126 1 1.43333
127 1 2.03333
128 1 2.33333
129 1 2.16667
130 1 2.36667
131 1 2.06667
132 1 2.56667
133 1 2.16667
134 1 2.33333
135 1 2.56667
136 1 2.06667
137 1 2.2
138 1 2.2
139 1 2.53333
140 1 2.33333
141 1 2.16667
142 1 1.93333
143 1 1.76667
144 1 2.7
145 1 2.26667
146 1 1.9
147 1 2.23333
148 1 2.1
149 1 2.56667
150 1 2.66667
151 1 2.36667
152 1 2.13333
153 1 2
154 1 2.5
155 1 2.06667
156 1 2.06667
157 1 1.76667
158 1 2.1
159 1 2.23333
160 1 2.13333
161 1 2.26667
162 1 1.83333
163 1 1.96667
164 1 2.33333
165 1 2.26667
166 1 2.33333
167 1 2.16667
168 1 2.06667
169 1 1.93333
170 1 1.96667
171 1 2.43333
172 1 2.46667
173 1 2.2
174 1 2.43333
175 1 1.93333
176 1 2
177 1 2.2
178 1 1.86667
179 1 2.26667
180 1 2.26667
181 1 2.5
182 1 2.63333
183 1 2.9
184 1 2.73333
185 1 2.26667
186 1 2.33333
187 1 2.1
188 1 2.23333
189 1 1.8
190 1 2.33333
191 1 2.2
192 1 2.06667
193 1 1.8
194 1 2.26667
195 1 2.06667
196 1 2.23333
197 1 2.43333
198 1 2.46667
199 1 2
200 1 1.96667
201 1 2.13333
202 1 2.53333
203 1 2.3
204 1 2.46667
205 1 2.5
206 1 2.23333
207 1 2.6
208 1 1.96667
209 1 2.2
210 1 2.03333
211 1 2.13333
212 1 2.3
213 1 2.23333
214 1 2.26667
215 1 2.16667
216 1 2.56667
217 1 2.33333
218 1 2.23333
219 1 2.23333
220 1 2
221 1 1.5
222 1 2.06667
223 1 2
224 1 1.86667
225 1 1.93333
226 1 1.93333
227 1 1.9
228 1 1.9
229 1 2.26667
230 1 2.33333
231 1 2.4
232 1 2.26667
233 1 1.86667
234 1 1.93333
235 1 2.16667
236 1 2.2
237 1 1.76667
238 1 2.26667
239 1 2
240 1 2.13333
241 1 1.96667
242 1 2.16667
243 1 2.4
244 1 2.33333
245 1 2.03333
246 1 2.4
247 1 2.3
248 1 2.2
249 1 2.66667
250 1 2.26667
251 1 2.13333
252 1 1.96667
253 1 2.26667
254 1 2.1
255 1 2.23333
256 1 2.43333
257 1 2.3
258 1 2.26667
259 1 2.16667
260 1 2
261 1 2.3
262 1 2.26667
263 1 1.8
264 1 2.5
265 1 2.03333
266 1 1.96667
267 1 2.4
268 1 2.36667
269 1 2.2
270 1 2.13333
271 1 2.43333
272 1 1.93333
273 1 2.03333
274 1 2.43333
275 1 2.53333
276 1 1.53333
277 1 2.2
278 1 2.53333
279 1 2.53333
280 1 2.3
281 1 2.06667
282 1 2.1
283 1 1.9
284 1 2.66667
285 1 2.1
286 1 2.3
287 1 2.36667
288 1 1.76667
289 1 2.26667
290 1 2.16667
291 1 2.06667
292 1 1.73333
293 1 2.06667
294 1 2
295 1 1.96667
296 1 1.73333
297 1 2.1
298 1 1.96667
299 1 2.16667
300 1 2.4
301 1 2.13333
302 1 2.23333
303 1 2.1
304 1 2.13333
305 1 1.93333
306 1 2.3
307 1 1.8
308 1 2.8
309 1 2.9
310 1 2.46667
311 1 2.4
312 1 2.16667
313 1 2.1
314 1 2.13333
315 1 2.06667
316 1 1.93333
317 1 1.56667
318 1 2.06667
319 1 2.26667
320 1 2.46667
321 1 2.53333
322 1 1.76667
323 0 2.66667
