0 7 10.3
1 5 8.6
2 3 7.4
3 3 4.3
4 3 3.2
5 3 3.5
6 3 3.4
7 3 3.5
8 3 3.7
9 3 3.5
10 3 4.1
11 3 4
12 3 3
13 3 3.5
14 3 3.4
15 3 4.1
16 3 3.1
17 3 3.4
18 2 3.2
19 2 3
20 2 2.6
21 2 3.6
22 2 3.1
23 2 3
24 2 2.2
25 2 2.8
26 2 2.6
27 2 2.6
28 2 2.2
29 2 2.6
30 2 2.3
31 2 2.4
32 2 2.5
33 2 2.4
34 2 2.7
35 2 2.2
36 2 2.3
37 2 2
38 2 2.5
39 2 2.4
40 2 2.1
41 2 2.3
42 2 2.3
43 2 2.1
44 2 2.2
45 2 2.6
46 2 3.2
47 2 2.4
48 2 2.5
49 2 2.2
50 2 2.1
51 2 2.4
52 2 2
53 2 2.2
54 2 2.6
55 2 2.8
56 2 2.3
57 2 2.5
58 2 2.5
59 2 2.2
60 2 3.1
61 2 2.7
62 2 2.6
63 2 2.5
64 2 2.9
65 2 2.6
66 2 2.4
67 2 2.5
68 2 2.4
69 2 2.6
70 2 2.5
71 2 2.5
72 2 2.4
73 2 2.5
74 2 2.5
75 2 2.3
76 2 2.5
77 2 2.4
78 2 2.5
79 2 3.3
80 2 2.6
81 2 2.1
82 2 2.7
83 2 2.3
84 2 2.3
85 2 2.7
86 2 2.9
87 2 2.4
88 2 2
89 2 3.5
90 2 2.7
91 2 2.4
92 2 3.1
93 2 2.4
94 2 3.3
95 2 2.2
96 2 2.4
97 2 2.1
98 2 2.3
99 2 2
100 2 3.1
101 2 2.5
102 2 2.3
103 2 2.1
104 2 2.4
105 2 2.3
106 2 2.7
107 2 2.7
108 2 2.6
109 2 2.7
110 2 2.2
111 2 2.5
112 2 2.5
113 2 2.1
114 2 2.1
115 2 2.6
116 2 2.3
117 2 2.8
118 2 2.6
119 2 2.8
120 2 2.2
121 2 3
122 2 2.4
123 2 2.6
124 2 2.1
125 2 2
126 2 2.5
127 2 2.8
128 2 2.6
129 2 2.4
130 2 2.5
131 2 2.7
132 2 2.2
133 2 2.3
134 2 2.7
135 2 2.7
136 2 2.1
137 2 2.4
138 2 2.5
139 2 2.2
140 2 2.1
141 2 2.1
142 2 2.4
143 2 2
144 2 2.8
145 2 2.5
146 2 2.4
147 2 3.3
148 2 2.7
149 2 2.1
150 2 2.5
151 2 3.2
152 2 2.6
153 2 2.3
154 2 2.5
155 2 2.4
156 2 2.6
157 2 2.7
158 2 2.7
159 2 2.7
160 2 2
161 2 3.3
162 2 2.6
163 2 2
164 2 3.3
165 2 2.6
166 2 2.8
167 2 2.6
168 2 3.2
169 2 2.7
170 2 2.2
171 2 2.1
172 2 2.6
173 2 3.1
174 2 2.4
175 2 2.3
176 2 2.6
177 2 3.2
178 2 2.2
179 2 2.4
180 2 2.9
181 2 2.9
182 2 2.3
183 2 2.5
184 2 2.3
185 2 3.2
186 2 2.8
187 2 2.4
188 2 2.2
189 2 3.4
190 2 2.3
191 2 2.7
192 2 2.8
193 2 2.4
194 2 2.4
195 2 2.3
196 2 2.3
197 2 3
198 2 3.3
199 2 2.9
200 2 2.7
201 2 2.8
202 2 2.2
203 2 2.2
204 2 2.6
205 2 2
206 2 2.2
207 2 2.4
208 2 3.4
209 2 2.2
210 2 2
211 2 2.8
212 2 2.6
213 2 2.2
214 2 3.4
215 2 2.4
216 2 2.5
217 2 2.1
218 2 2.6
219 2 2.5
220 2 2.3
221 2 3
222 2 2.5
223 2 2.9
224 2 2.9
225 2 2.7
226 2 2.9
227 2 2.4
228 2 2.4
229 2 3.1
230 2 2.3
231 2 2.1
232 2 3.3
233 2 2.8
234 2 2.7
235 2 2.4
236 2 2.4
237 2 2.8
238 2 2.5
239 2 2.5
240 2 2.2
241 2 2.3
242 2 2.8
243 2 2.3
244 2 2.2
245 2 2.6
246 2 2.5
247 2 2.9
248 2 3
249 2 2.7
250 2 2.1
251 2 2.2
252 2 2.5
253 2 2.2
254 2 2.7
255 2 2.9
256 2 2
257 2 2
258 2 2.6
259 2 2.4
260 2 2.8
261 2 2.4
262 2 2.5
263 2 2.6
264 2 3
265 2 2.8
266 2 2.8
267 2 2.5
268 2 2.8
269 2 2
270 2 2.3
271 2 2.9
272 2 2.3
273 2 2.4
274 2 2.6
275 2 2.5
276 2 2.4
277 2 2.8
278 2 2.9
279 2 2.4
280 2 2.1
281 2 2
282 2 2.9
283 2 2.7
284 2 2.4
285 2 2.5
286 2 2.2
287 2 3.1
288 2 2.5
289 2 3.9
290 2 2.4
291 2 2.4
292 2 2.5
293 2 2.3
294 2 2.7
295 2 2.7
296 2 2.9
297 2 2.5
298 2 2.1
299 2 2.6
300 2 2.7
301 2 2.7
302 2 2.6
303 2 2.8
304 2 3
305 2 3
306 2 2
307 2 2.8
308 2 2.3
309 2 2.6
310 2 2.3
311 2 2.8
312 2 2.4
313 2 2.9
314 2 3
315 2 2.6
316 2 2.3
317 2 2.2
318 2 2
319 2 3
320 2 2.2
321 2 2.3
322 2 2.5
323 2 2.1
324 2 2.3
325 2 2
326 2 2.4
327 2 2.2
328 2 2.5
329 2 2.2
330 2 2.7
331 2 3
332 2 2.7
333 2 3.5
334 2 2.5
335 2 2.5
336 2 2.6
337 2 2.8
338 2 2.2
339 2 2.7
340 2 3.3
341 2 2.3
342 2 2.7
343 2 3.1
344 2 2.4
345 2 2.6
346 2 2.3
347 2 2.5
348 2 2.3
349 2 2.1
350 2 2.5
351 2 2.5
352 2 2.1
353 2 2.5
354 2 2.3
355 2 3
356 2 2.2
357 2 2.8
358 2 3.1
359 2 2.9
360 2 2.4
361 2 3
362 2 2.8
363 2 2
364 2 2.6
365 2 2.7
366 2 2.5
367 2 2.7
368 2 2.5
369 2 3.1
370 2 2.9
371 2 3.2
372 2 2.4
373 2 2.9
374 2 2.6
375 2 2.5
376 2 2.6
377 2 2
378 2 2.9
379 2 2.3
380 2 2.6
381 2 2.1
382 2 2.8
383 2 3.1
384 2 2
385 2 2.8
386 2 2.6
387 2 2.5
388 2 2.4
389 2 2.8
390 2 2.4
391 2 2.6
392 2 2.6
393 2 2.3
394 2 2.2
395 2 2.5
396 2 2.7
397 2 2.5
398 2 2
399 2 2.6
400 2 2.7
401 2 2.3
402 2 2.4
403 2 2.9
404 2 2.3
405 2 2.7
406 2 2.5
407 2 2.4
408 2 2.5
409 2 2.7
410 2 2.8
411 2 2.2
412 2 3.4
413 2 2.3
414 2 3.3
415 2 2.3
416 2 2.7
417 2 2.1
418 2 3.3
419 2 3
420 2 2.4
421 2 2.7
422 2 2.7
423 2 3.2
424 2 2.4
425 2 2.8
426 2 2.2
427 2 3.1
428 2 2.3
429 2 2.2
430 2 2
431 2 2.8
432 2 2.7
433 2 2.7
434 2 3.4
435 2 2.9
436 2 2.6
437 2 2.1
438 2 2.4
439 2 2.2
440 2 2.3
441 2 2.6
442 2 2.8
443 2 2.3
444 2 2.6
445 2 2.8
446 2 3.1
447 2 2.6
448 2 2.5
449 2 2.9
450 2 2.1
451 2 2.5
452 2 2.2
453 2 3
454 2 2.6
455 2 2.4
456 2 2.7
457 2 3.2
458 2 3.3
459 2 2.1
460 2 2.5
461 2 2.5
462 2 2.7
463 2 3.1
464 2 2.7
465 2 2.7
466 2 2.7
467 2 2.4
468 2 2.1
469 2 2.7
470 2 3
471 2 2.6
472 2 3
473 2 2.9
474 2 2.4
475 2 2.7
476 2 2.3
477 2 2.7
478 2 2.5
479 2 2.6
480 2 2.7
481 2 2
482 2 2.3
483 2 2.4
484 2 2.9
485 2 2.4
486 2 2
487 2 2.6
488 2 2.6
489 2 2.3
490 2 2.1
491 2 3.1
492 2 2.8
493 2 2.8
494 2 2.8
495 2 2.3
496 2 2.5
497 2 2.4
498 2 2.5
499 2 2.3
500 2 2.7
501 2 3
502 2 2.4
503 2 2.8
504 2 2.5
505 2 2.7
506 2 2.7
507 2 2.3
508 2 2.6
509 2 2.6
510 2 2.4
511 2 2.7
512 2 2.3
513 2 2.5
514 2 3
515 2 2.6
516 2 2.5
517 2 3.1
518 2 2.3
519 2 2.5
520 2 2.1
521 2 2.6
522 2 3.3
523 2 2.7
524 2 3
525 2 2.1
526 2 2.2
527 2 2.8
528 2 2.4
529 2 2.7
530 2 2.8
531 2 2.6
532 2 2.4
533 2 2.5
534 2 2.5
535 2 2.3
536 2 2.5
537 2 2.7
538 2 2.5
539 2 2.6
540 2 2.5
541 2 2.9
542 2 2.3
543 2 2.4
544 2 3.1
545 2 2
546 2 2.1
547 2 2.7
548 2 2.6
549 2 2.5
550 2 3.1
551 2 2.8
552 2 2
553 2 2.5
554 2 3.3
555 2 2.2
556 2 2.6
557 2 3
558 2 2.5
559 2 2.2
560 2 2.9
561 2 2
562 2 2.2
563 2 2.1
564 2 2.4
565 2 2.8
566 2 2.7
567 2 2.6
568 2 2.4
569 2 3.1
570 2 2.7
571 2 2.8
572 2 3
573 2 2.8
574 2 2.6
575 2 2.6
576 2 2.7
577 2 2.5
578 2 2.8
579 2 2
580 2 2.6
581 2 3.2
582 2 2.7
583 2 2.8
584 2 2.5
585 2 2.2
586 2 2.5
587 2 2.2
588 2 2.1
589 2 2.8
590 2 2.5
591 2 2.4
592 2 2.4
593 2 2.3
594 2 3
595 2 2.3
596 2 2.6
597 2 2.4
598 2 3
599 2 2.2
600 2 2.6
601 2 2.8
602 2 2.2
603 2 2.8
604 2 2.1
605 2 2.6
606 2 2.4
607 2 2.9
608 2 3.4
609 2 2.6
610 2 2.4
611 2 2.5
612 2 2.4
613 2 2.7
614 2 2.9
615 2 2.6
616 2 2.7
617 2 3
618 2 2.2
619 2 2.4
620 2 2.6
621 2 3
622 2 2.2
623 2 2.6
624 2 2.3
625 2 2.6
626 2 2.3
627 2 2.2
628 2 3.3
629 2 2.7
630 2 2.8
631 2 2.6
632 2 2.4
633 2 2.6
634 2 2.7
635 2 2.2
636 2 2.4
637 2 2.4
638 2 2.4
639 2 2.3
640 2 2.2
641 2 2.6
642 2 2.9
643 2 2.2
644 2 2.3
645 2 3
646 2 3
647 2 2.4
648 2 2.1
649 2 2.7
650 2 3.1
651 2 2.5
652 2 2.1
653 2 2.7
654 2 2.3
655 2 2.1
656 2 2.6
657 2 2.2
658 2 2.5
659 2 2.8
660 2 2.8
661 2 2.5
662 2 2.8
663 2 2.8
664 2 3.3
665 2 2.4
666 2 2.6
667 2 2.9
668 2 2.6
669 2 2.6
670 2 2.2
671 2 2.5
672 2 2
673 2 2.7
674 2 2.4
675 2 2
676 2 2.6
677 2 2.3
678 2 2.1
679 2 3.2
680 2 2.4
681 2 2.6
682 2 3.4
683 2 2.4
684 2 2.8
685 2 2.8
686 2 3
687 2 2.3
688 2 2.8
689 2 2.3
690 2 2.3
691 2 3
692 2 2.5
693 2 2.2
694 2 3
695 2 2.7
696 2 2.6
697 2 2.2
698 2 2.4
699 2 2.1
700 2 2.4
701 2 2.4
702 2 2.6
703 2 2.6
704 2 3.4
705 2 2.9
706 2 2.5
707 2 2.5
708 2 2.4
709 2 2.6
710 2 2.4
711 2 2.3
712 2 2.4
713 2 2.2
714 2 2.1
715 2 2.5
716 2 3.2
717 2 2.7
718 2 2.4
719 2 2.3
720 2 2.8
721 2 2.8
722 2 2
723 2 2.3
724 2 2.7
725 2 2.9
726 2 3.1
727 2 2.9
728 2 2.5
729 2 3
730 2 2.3
731 2 2.6
732 2 2.5
733 2 2.2
734 2 2.4
735 2 2.5
736 2 2.4
737 2 2.5
738 2 2.4
739 2 2.9
740 2 2.5
741 2 2.5
742 2 2.3
743 2 3.1
744 2 2.5
745 2 2.4
746 2 2.5
747 2 2.3
748 2 2.7
749 2 2.5
750 2 2.5
751 2 2.3
752 2 2.8
753 2 2.8
754 2 2.7
755 2 2.3
756 2 3.3
757 2 2.3
758 2 2.6
759 2 2.3
760 2 3
761 2 2.4
762 2 2.6
763 2 3
764 2 2.5
765 2 2.2
766 2 2
767 2 3.1
768 2 2.5
769 2 2.4
770 2 3.2
771 2 2.6
772 2 2.5
773 2 2.4
774 2 2.5
775 2 2.7
776 2 2.7
777 2 2.1
778 2 2.8
779 2 2.3
780 2 2.4
781 2 2.5
782 2 2.4
783 2 3.3
784 2 3
785 2 2.4
786 2 2.6
787 2 2.6
788 2 2.7
789 2 2.5
790 2 2.6
791 2 2.5
792 2 2.4
793 2 3.1
794 2 2.2
795 2 3.6
796 2 2.4
797 2 2.6
798 2 2.4
799 2 3.2
800 2 2.4
801 2 2.3
802 2 2.5
803 2 2.8
804 2 2.3
805 2 3.1
806 2 2.4
807 2 2.3
808 2 2.9
809 2 3.1
810 2 2.5
811 2 2.5
812 2 2.3
813 2 2.4
814 2 2.2
815 2 2.9
816 2 2.9
817 2 2.4
818 2 2.5
819 2 2.5
820 2 2.4
821 2 2.4
822 2 2.8
823 2 2.5
824 2 2.6
825 2 2.9
826 2 2.2
827 2 2.3
828 2 2.6
829 2 3.2
830 2 2.9
831 2 2.7
832 2 2.2
833 2 2.6
834 2 3
835 2 2.9
836 2 2.4
837 2 2.2
838 2 2.9
839 2 3
840 2 2.6
841 2 2.7
842 2 2.4
843 2 2.5
844 2 3.2
845 2 2.3
846 2 2.8
847 2 2.3
848 2 2
849 2 2.1
850 2 2.3
851 2 2.8
852 2 2.1
853 2 2.7
854 2 2.7
855 2 2.6
856 2 2.9
857 2 2.2
858 2 2.6
859 2 2.5
860 2 2
861 2 2.8
862 2 2.8
863 2 2.4
864 2 2.7
865 2 3
866 2 2.9
867 2 2
868 2 2.7
869 2 2.3
870 2 3.2
871 2 3.3
872 2 2.3
873 2 3.3
874 2 2.7
875 2 2.5
876 2 2.8
877 2 2.8
878 2 3.3
879 2 2.7
880 2 2.7
881 2 2.2
882 2 2.2
883 2 2.4
884 2 2.7
885 2 3.4
886 2 2.6
887 2 2
888 2 2.5
889 2 2.9
890 2 2.9
891 2 2.4
892 2 3
893 2 2.2
894 2 2.4
895 2 2.6
896 2 3
897 2 2.8
898 2 2.5
899 2 2.6
900 2 3
901 2 2.6
902 2 2.8
903 2 2.7
904 2 2.2
905 2 2.4
906 2 2.7
907 2 2.9
908 2 2.3
909 2 2
910 2 2.3
911 2 2.9
912 2 2.3
913 2 2.3
914 2 3.2
915 2 3.3
916 2 2.2
917 2 2.4
918 2 2.5
919 2 2.8
920 2 2.7
921 2 2.4
922 2 2
923 2 2.6
924 2 2.7
925 2 2
926 2 2.4
927 2 2.9
928 2 2.8
929 2 2.3
930 2 2.4
931 2 2.6
932 2 2.5
933 2 2.2
934 2 2.4
935 2 3
936 2 2.9
937 2 2.6
938 2 2.8
939 2 2.3
940 2 2.4
941 2 2.1
942 2 2.5
943 2 2.4
944 2 2.5
945 2 2.4
946 2 2.6
947 2 2.2
948 2 2.7
949 2 2.6
950 2 3
951 2 2.8
952 2 2.9
953 2 2.1
954 2 3.3
955 2 2.8
956 2 3.5
957 2 2.7
958 2 2.7
959 2 2.2
960 2 2.7
961 2 3.7
962 2 2.4
963 2 3.1
964 2 2.8
965 2 3
966 2 2.3
967 2 2.5
968 2 2.7
969 2 3.1
970 2 2.7
971 2 2.8
972 2 2.5
973 2 2.5
974 2 2.5
975 2 2.8
976 2 2.1
977 2 2.6
978 2 2.2
979 2 3.3
980 2 2.4
981 2 2.9
982 2 2.5
983 2 2
984 2 3.2
985 2 2.9
986 2 3.2
987 2 2.3
988 2 2.4
989 2 2.4
990 2 2.7
991 2 2.5
992 2 2.4
993 2 2
994 2 2.6
995 2 2.1
996 2 2.6
997 2 2.4
998 2 2.2
999 2 2.3
1000 2 2
