0 7 10.9
1 5 10.1
2 5 8.43333
3 3 6.73333
4 3 5.96667
5 3 4.66667
6 3 4.3
7 3 3.83333
8 3 4.1
9 3 3.83333
10 3 3.6
11 3 3.83333
12 3 3.7
13 2 3.46667
14 2 3.23333
15 1 2.63333
16 1 2.5
17 1 2.3
18 1 2
19 1 1.4
20 1 1.7
21 1 1.36667
22 1 1.53333
23 1 1.16667
24 1 1.73333
25 1 1.43333
26 1 1.53333
27 1 1.46667
28 1 1.43333
29 1 1.5
30 1 1.36667
31 1 1.7
32 1 1.93333
33 1 1.6
34 1 1.53333
35 1 1.53333
36 1 1.5
37 1 1.43333
38 1 1.66667
39 1 1.76667
40 1 1.5
41 1 1.6
42 1 1.66667
43 1 1.66667
44 1 1.63333
45 1 1.5
46 1 1.5
47 1 1.3
48 1 1.43333
49 1 1.4
50 1 1.96667
51 1 1.66667
52 1 1.2
53 1 1.46667
54 1 1.36667
55 1 1.36667
56 1 1.6
57 1 1.6
58 1 1.53333
59 1 1.6
60 1 1.46667
61 1 1.73333
62 1 1.63333
63 1 1.66667
64 1 1.43333
65 1 1.7
66 1 1.63333
67 1 1.93333
68 1 1.53333
69 1 1.8
70 1 1.93333
71 1 1.43333
72 1 1.83333
73 1 1.53333
74 1 1.8
75 1 1.66667
76 1 1.23333
77 1 1.43333
78 1 1.66667
79 1 1.6
80 1 1.33333
81 1 1.53333
82 1 1.76667
83 1 1.66667
84 1 1.7
85 1 1.56667
86 1 1.63333
87 1 1.73333
88 1 1.76667
89 1 1.5
90 1 1.5
91 1 1.46667
92 1 1.53333
93 1 1.76667
94 1 1.4
95 1 1.56667
96 1 1.53333
97 1 1.53333
98 1 1.4
99 1 1.63333
100 1 1.53333
101 1 1.2
102 1 1.56667
103 1 1.4
104 1 2.13333
105 1 1.66667
106 1 1.73333
107 1 1.2
108 1 1.43333
109 1 1.3
110 1 1.56667
111 1 1.66667
112 1 1.26667
113 1 1.83333
114 1 1.36667
115 1 1.5
116 1 1.53333
117 1 1.56667
118 1 1.96667
119 1 1.63333
120 1 1.23333
121 1 1.7
122 1 1.6
123 1 1.7
124 1 1.46667
125 1 1.9
126 1 1.56667
127 1 1.76667
128 1 1.23333
129 1 1.9
130 1 1.33333
131 1 1.73333
132 1 1.66667
133 1 1.33333
134 1 1.63333
135 1 1.4
136 1 1.6
137 1 1.5
138 1 1.63333
139 1 1.5
140 1 1.33333
141 1 1.66667
142 1 1.7
143 1 1.53333
144 1 1.43333
145 1 1.36667
146 1 1.36667
147 1 1.7
148 1 1.56667
149 1 1.6
150 1 1.3
151 1 1.76667
152 1 1.46667
153 1 1.4
154 1 1.6
155 1 1.86667
156 1 1.46667
157 1 1.56667
158 1 1.7
159 1 1.73333
160 1 1.93333
161 1 2.03333
162 1 1.4
163 1 1.56667
164 1 1.73333
165 1 1.83333
166 1 1.3
167 1 1.9
168 1 1.53333
169 1 1.3
170 1 1.36667
171 1 1.6
172 1 1.33333
173 1 1.63333
174 1 1.4
175 1 1.5
176 1 1.63333
177 1 1.4
178 1 1.5
179 1 1.16667
180 1 1.66667
181 1 1.93333
182 1 1.13333
183 1 1.2
184 1 1.63333
185 1 2
186 1 1.46667
187 1 1.63333
188 1 1.4
189 1 1.56667
190 1 1.6
191 1 1.3
192 1 1.53333
193 1 1.63333
194 1 1.5
195 1 1.4
196 1 1.56667
197 1 1.43333
198 1 1.36667
199 1 1.33333
200 1 1.93333
201 1 1.53333
202 1 1.66667
203 1 1.33333
204 1 1.63333
205 1 1.56667
206 1 1.76667
207 1 1.43333
208 1 1.3
209 1 1.36667
210 1 1.63333
211 1 1.6
212 1 2
213 1 1.43333
214 1 1.46667
215 1 1.26667
216 1 1.56667
217 1 1.73333
218 1 1.76667
219 1 1.53333
220 1 1.7
221 1 2
222 1 1.8
223 1 1.6
224 1 1.66667
225 1 1.33333
226 1 1.93333
227 1 1.4
228 1 1.36667
229 1 1.9
230 1 1.3
231 1 1.3
232 1 1.46667
233 1 1.86667
234 1 1.76667
235 1 1.6
236 1 1.53333
237 1 1.7
238 1 1.46667
239 1 1.26667
240 1 1.7
241 1 1.73333
242 1 1.6
243 1 1.83333
244 1 1.6
245 1 1.66667
246 1 1.53333
247 1 1.66667
248 1 1.43333
249 1 1.36667
250 1 1.73333
251 1 1.4
252 1 1.83333
253 1 1.76667
254 1 1.43333
255 1 1.7
256 1 1.43333
257 1 1.73333
258 1 1.26667
259 1 1.33333
260 1 1.56667
261 1 1.3
262 1 1.66667
263 1 1.8
264 1 1.63333
265 1 1.8
266 1 1.6
267 1 1.4
268 1 1.7
269 1 1.4
270 1 1.26667
271 1 1.53333
272 1 1.46667
273 1 1.5
274 1 1.5
275 1 1.6
276 1 1.46667
277 1 1.46667
278 1 1.43333
279 1 1.33333
280 1 1.63333
281 1 1.83333
282 1 1.5
283 1 1.43333
284 1 1.46667
285 1 1.43333
286 1 1.4
287 1 1.73333
288 1 1.7
289 1 1.86667
290 1 1.7
291 1 1.6
292 1 1.63333
293 1 1.43333
294 1 1.33333
295 1 1.43333
296 1 1.4
297 1 1.96667
298 1 1.53333
299 1 1.6
300 1 1.3
301 1 1.26667
302 1 1.43333
303 1 1.43333
304 1 1.4
305 1 1.66667
306 1 1.5
307 1 1.53333
308 1 1.6
309 1 1.26667
310 1 1.6
311 1 1.46667
312 1 1.66667
313 1 1.43333
314 1 1.3
315 1 1.76667
316 1 1.63333
317 1 1.63333
318 1 1.43333
319 1 1.33333
320 1 1.86667
321 1 1.43333
322 1 1.23333
323 1 1.66667
324 1 1.4
325 1 1.76667
326 1 1.5
327 1 1.16667
328 1 1.93333
329 1 1.9
330 1 1.33333
331 1 1.3
332 1 1.3
333 1 1.33333
334 1 1.53333
335 1 1.5
336 1 1.4
337 1 1.43333
338 1 1.63333
339 1 1.33333
340 1 1.4
341 1 1.6
342 1 1.76667
343 1 1.26667
344 1 1.5
345 1 1.7
346 1 1.73333
347 1 1.43333
348 1 1.7
349 1 1.76667
350 1 1.46667
351 1 1.3
352 1 1.66667
353 1 1.53333
354 1 1.46667
355 1 1.53333
356 1 1.63333
357 1 1.33333
358 1 1.5
359 1 1.5
360 1 1.86667
361 1 1.8
362 1 1.53333
363 1 1.63333
364 1 1.3
365 1 1.6
366 1 1.6
367 1 1.5
368 1 1.16667
369 1 1.93333
370 1 1.6
371 1 1.7
372 1 1.76667
373 1 1.53333
374 1 1.43333
375 1 1.3
376 1 1.36667
377 1 1.3
378 1 1.53333
379 1 1.6
380 1 1.4
381 1 1.53333
382 1 1.53333
383 1 1.6
384 1 1.3
385 1 1.63333
386 1 1.5
387 1 1.33333
388 1 1.63333
389 1 1.4
390 1 1.46667
391 1 1.26667
392 1 1.5
393 1 1.5
394 1 1.5
395 1 1.7
396 1 1.63333
397 1 1.8
398 1 1.5
399 1 1.3
400 1 1.26667
401 1 1.4
402 1 1.5
403 1 1.76667
404 1 1.63333
405 1 1.46667
406 1 1.36667
407 1 1.3
408 1 1.56667
409 1 1.56667
410 1 1.3
411 1 1.66667
412 1 1.5
413 1 1.56667
414 1 1.63333
415 1 1.9
416 1 1.43333
417 1 1.63333
418 1 1.8
419 1 1.63333
420 1 1.33333
421 1 1.86667
422 1 1.83333
423 1 1.43333
424 1 1.16667
425 1 1.5
426 1 1.66667
427 1 1.6
428 1 1.26667
429 1 1.83333
430 1 1.8
431 1 1.46667
432 1 1.33333
433 1 1.4
434 1 1.53333
435 1 1.6
436 1 1.46667
437 1 1.66667
438 1 1.5
439 1 1.3
440 1 1.43333
441 1 1.96667
442 1 1.6
443 1 1.5
444 1 1.53333
445 1 1.5
446 1 1.6
447 1 1.6
448 1 1.43333
449 1 1.46667
450 1 1.63333
451 1 1.5
452 1 1.46667
453 1 1.3
454 1 1.7
455 1 1.6
456 1 1.5
457 1 1.43333
458 1 1.7
459 1 1.4
460 1 1.53333
461 1 1.6
462 1 1.36667
463 1 1.26667
464 1 1.93333
465 1 1.46667
466 1 1.1
467 1 1.53333
468 1 1.36667
469 1 1.26667
470 1 1.6
471 1 1.76667
472 1 1.46667
473 1 1.3
474 1 1.3
475 1 1.96667
476 1 1.3
477 1 1.33333
478 1 1.33333
479 1 1.76667
480 1 1.33333
481 1 1.76667
482 1 1.46667
483 1 1.6
484 1 1.53333
485 1 1.56667
486 1 1.6
487 1 1.86667
488 1 1.43333
489 1 1.86667
490 1 1.73333
491 1 1.6
492 1 1.8
493 1 1.4
494 1 1.6
495 1 1.66667
496 1 1.73333
497 1 1.5
498 1 1.7
499 1 1.86667
500 1 1.96667
501 1 1.6
502 1 2
503 1 1.43333
504 1 1.86667
505 1 1.16667
506 1 1.93333
507 1 1.43333
508 1 1.66667
509 1 1.53333
510 1 1.7
511 1 1.96667
512 1 1.4
513 1 1.6
514 1 1.33333
515 1 1.56667
516 1 1.4
517 1 1.56667
518 1 1.7
519 1 1.43333
520 1 1.53333
521 1 1.53333
522 1 1.5
523 1 1.4
524 1 1.36667
525 1 1.2
526 1 1.53333
527 1 1.63333
528 1 1.6
529 1 1.56667
530 1 1.43333
531 1 1.56667
532 1 1.33333
533 1 1.86667
534 1 1.6
535 1 1.43333
536 1 1.1
537 1 1.2
538 1 1.7
539 1 1.36667
540 1 1.6
541 1 1.66667
542 1 1.5
543 1 1.8
544 1 2
545 1 1.43333
546 1 1.73333
547 1 1.5
548 1 1.5
549 1 1.16667
550 1 1.93333
551 1 1.86667
552 1 1.46667
553 1 1.63333
554 1 1.66667
555 1 1.23333
556 1 1.36667
557 1 1.36667
558 1 1.46667
559 1 1.6
560 1 1.6
561 1 1.53333
562 1 1.6
563 1 1.33333
564 1 1.6
565 1 1.63333
566 0 1.3
