0 9 11.3
1 7 9.9
2 5 8.6
3 5 8.1
4 5 6.5
5 4 6.1
6 4 4.7
7 4 4.9
8 4 5
9 4 4.5
10 4 4.7
11 4 4.6
12 4 4.4
13 4 4.4
14 4 4.2
15 4 4
16 4 4.5
17 4 4.8
18 4 4.1
19 4 4.8
20 4 4.8
21 4 4.2
22 4 4.7
23 4 4
24 4 4.8
25 4 4.3
26 4 4.4
27 4 4.4
28 4 4.1
29 4 4.4
30 4 4.8
31 4 4.5
32 4 4.1
33 4 4.7
34 4 4.3
35 4 4.2
36 4 4
37 4 5.2
38 4 4.4
39 4 4.1
40 4 4
41 4 4.8
42 4 4.2
43 4 4.3
44 4 5
45 4 4
46 4 4.1
47 4 4.6
48 4 4.6
49 4 4.4
50 4 4.8
51 4 4.7
52 4 4.2
53 4 4.2
54 4 4.7
55 4 4.1
56 4 4.9
57 4 4.5
58 4 4.6
59 4 4
60 4 4.6
61 4 4.2
62 4 4.3
63 4 4.7
64 4 4
65 4 4.9
66 4 4.3
67 4 4.8
68 4 4.3
69 4 4.9
70 4 4
71 4 4
72 4 4.8
73 4 4.2
74 4 4.4
75 4 4.8
76 4 4.4
77 4 4.9
78 4 4.4
79 4 4.4
80 4 4
81 4 4.3
82 4 4.2
83 4 4.4
84 4 4.4
85 4 4.5
86 4 4.6
87 4 4.7
88 4 4.5
89 4 4.7
90 4 4.6
91 4 4.3
92 4 4.2
93 4 4.3
94 4 4.5
95 4 4
96 4 4.8
97 4 4.7
98 4 4.8
99 4 4.2
100 4 5
101 4 4.5
102 4 4.5
103 4 4.3
104 4 4.7
105 4 4
106 4 4.4
107 4 4.4
108 4 4.7
109 4 5
110 4 5.3
111 4 5.1
112 4 4.4
113 4 4
114 4 4.4
115 4 4.3
116 4 4.9
117 4 4.2
118 4 4.9
119 4 4
120 4 4.4
121 4 4.3
122 4 4.3
123 4 4.7
124 4 4.1
125 4 4.2
126 4 4.5
127 4 5.2
128 4 4.3
129 4 4.3
130 4 5.1
131 4 4.2
132 4 4.2
133 4 4.2
134 4 4.2
135 3 4.7
136 3 4.4
137 3 3.8
138 3 3
139 2 3.9
140 2 3.7
141 2 3.7
142 2 2.5
143 2 2.5
144 2 2
145 2 2.2
146 2 2
147 2 3
148 2 2.5
149 2 2.7
150 2 2.4
151 2 2.4
152 2 2.7
153 2 2
154 2 2.6
155 2 2.7
156 2 2.5
157 2 2.5
158 2 2.4
159 2 2.5
160 2 2.1
161 2 2.1
162 2 2.3
163 2 2.1
164 2 2.4
165 2 2.1
166 2 2.3
167 2 2.1
168 2 2.2
169 2 2
170 2 2.7
171 2 2.6
172 2 3
173 2 2.6
174 2 2.4
175 2 2.5
176 2 2
177 2 2.5
178 2 2.2
179 2 2.6
180 2 2.2
181 2 2.5
182 2 2.4
183 2 3
184 2 2.3
185 2 2.6
186 2 2.1
187 2 2.6
188 2 2.7
189 2 2.2
190 2 2.8
191 2 2.9
192 2 2.7
193 2 2.2
194 2 2.1
195 2 2.4
196 2 2.3
197 2 2.7
198 2 2
199 2 2.4
200 2 2.1
201 2 2.8
202 2 2.6
203 2 2.3
204 2 2.6
205 2 2.6
206 2 2.2
207 2 2.2
208 2 2.3
209 2 2.9
210 2 2
211 2 2.4
212 2 2.6
213 2 2.6
214 2 3
215 2 2.3
216 2 2.4
217 2 2
218 2 2.6
219 2 2.3
220 2 2.8
221 2 2.3
222 2 2.4
223 2 2.2
224 2 2.3
225 2 2.4
226 2 2.8
227 2 2
228 2 2.3
229 2 2.2
230 2 3.2
231 2 2.7
232 2 2.3
233 2 2.4
234 2 2.1
235 2 2.8
236 2 3
237 2 2.5
238 2 2.5
239 2 2.3
240 2 2.4
241 2 2.6
242 2 2.8
243 2 2.6
244 2 2.4
245 2 2.4
246 2 2.6
247 2 2.6
248 2 2
249 2 2.2
250 2 3
251 2 2.7
252 2 2.9
253 2 2.2
254 2 2.5
255 2 3.1
256 2 3.3
257 2 2.6
258 2 2.3
259 2 2.3
260 2 2.7
261 2 2.3
262 2 2.1
263 2 2.3
264 2 2.4
265 2 2.3
266 2 2.3
267 2 2.3
268 2 3.5
269 2 3.2
270 2 2.5
271 2 2.1
272 2 2.7
273 2 3.1
274 2 2.1
275 2 3.3
276 2 3.1
277 2 2.4
278 2 2.5
279 2 2
280 2 2.5
281 2 2.5
282 2 2.9
283 2 2.2
284 2 3
285 2 2.7
286 2 2.9
287 2 2.2
288 2 2.4
289 2 3.8
290 2 2.1
291 2 2.2
292 2 3.1
293 2 2.6
294 2 2.8
295 2 2.6
296 2 3.1
297 2 2.7
298 2 2.6
299 2 2.5
300 2 2.2
301 2 3
302 2 2.8
303 2 2.5
304 2 2.9
305 2 3.4
306 2 2.5
307 2 2.2
308 2 2.5
309 2 2.3
310 2 3
311 2 2.5
312 2 2.7
313 2 2.8
314 2 2.1
315 2 3.2
316 2 2.9
317 2 2.2
318 2 2.5
319 2 2.1
320 2 2.8
321 2 2.3
322 2 2.4
323 2 2
324 2 2.4
325 2 2.4
326 2 2.4
327 2 2.5
328 2 2.6
329 2 2.8
330 2 2
331 2 2.4
332 2 2
333 2 2.7
334 2 2.1
335 2 2.1
336 2 2.6
337 2 2.7
338 2 2
339 2 2.2
340 2 2
341 2 2
342 2 2.6
343 2 2.6
344 2 2
345 2 2.7
346 2 2.2
347 2 2
348 2 2.9
349 2 3.1
350 2 2.5
351 2 2.2
352 2 2.3
353 2 2.3
354 2 2.3
355 2 2.6
356 2 2.3
357 2 2
358 2 3.1
359 2 2.4
360 2 2.3
361 2 2.5
362 2 2.5
363 2 2.5
364 2 2.9
365 2 2.7
366 2 2.6
367 2 2.8
368 2 3.1
369 2 2.9
370 2 2.3
371 2 3
372 2 2.7
373 2 2.8
374 2 2.1
375 2 2.6
376 2 2
377 2 2.7
378 2 2.4
379 2 2.3
380 2 2
381 2 3.1
382 2 2.2
383 2 2.3
384 2 2.3
385 2 3
386 2 2.2
387 2 2.3
388 2 3
389 2 2.3
390 2 2.7
391 2 2.5
392 2 2.3
393 2 2.2
394 2 2.8
395 2 2.6
396 2 3
397 2 2.6
398 2 3
399 2 2.8
400 2 2.2
401 2 2.6
402 2 2.1
403 2 2.2
404 2 2.8
405 2 2.3
406 2 2.6
407 2 2.5
408 2 3
409 2 2
410 2 2.3
411 2 2.6
412 2 2.6
413 2 2.8
414 2 2.6
415 2 2.5
416 2 2.3
417 2 2.8
418 2 3
419 2 3.4
420 2 2.2
421 2 2.7
422 2 2
423 2 3
424 2 2.3
425 2 2.7
426 2 2.3
427 2 2.8
428 2 2.2
429 2 2.4
430 2 2.5
431 2 2
432 2 2.3
433 2 2.1
434 2 2.6
435 2 2.6
436 2 2.9
437 2 2.7
438 2 2.2
439 2 2.4
440 2 2.8
441 2 2.9
442 2 2.2
443 2 2.8
444 2 2.3
445 2 2.5
446 2 2.4
447 2 2.5
448 2 2.2
449 2 3.2
450 2 3.2
451 2 2.7
452 2 2
453 2 3.1
454 2 2.5
455 2 2.3
456 2 2.5
457 2 2.2
458 2 2.9
459 2 2.3
460 2 2.8
461 2 2.9
462 2 2.7
463 2 3.1
464 2 2.5
465 2 2.6
466 2 2.3
467 2 2.6
468 2 2.6
469 2 2.7
470 2 2.4
471 2 2.7
472 2 2
473 2 2.2
474 2 2.5
475 2 2.7
476 2 2
477 2 2.1
478 2 2.5
479 2 3.1
480 2 2.7
481 2 2.8
482 2 3.1
483 2 3
484 2 3.5
485 2 3.1
486 2 2.5
487 2 3
488 2 2.8
489 2 2.8
490 2 2.8
491 2 2.7
492 2 2
493 2 3
494 2 2.2
495 2 2.3
496 2 2.9
497 2 2
498 2 2.3
499 2 3.3
500 2 2.8
501 2 2.5
502 2 2
503 2 2.5
504 2 2.5
505 2 2.8
506 2 2.7
507 2 2.4
508 2 2.6
509 2 2.7
510 2 2
511 2 2.1
512 2 2.7
513 2 2.2
514 2 3.1
515 2 2.6
516 2 2.8
517 2 2.6
518 2 2.1
519 2 2.3
520 2 2.8
521 2 2.6
522 2 2
523 2 2.3
524 2 2.4
525 2 2.2
526 2 2
527 2 2.7
528 2 2.5
529 2 2.6
530 2 2.2
531 2 2.7
532 2 3
533 2 3
534 2 2
535 2 2.4
536 2 3.2
537 2 2.3
538 2 3.5
539 2 2.8
540 2 2.6
541 2 2.3
542 2 2.9
543 2 2.1
544 2 2.8
545 2 2.7
546 2 2.7
547 2 2.3
548 2 2.4
549 2 2.6
550 2 2.3
551 2 2.6
552 2 2.1
553 2 2.2
554 2 2.1
555 2 2.8
556 2 2.5
557 2 2.6
558 2 2.7
559 2 2.6
560 2 2.2
561 2 2.6
562 2 2.5
563 2 2.3
564 2 2.7
565 2 2.7
566 2 2.3
567 2 2.2
568 2 2.8
569 2 2.3
570 2 2.4
571 2 2.8
572 2 2.3
573 2 3.2
574 2 2.3
575 2 2.3
576 2 2.5
577 2 2.3
578 2 3
579 2 2.4
580 2 3
581 2 2.4
582 2 2.3
583 2 2
584 2 2.5
585 2 2.6
586 2 2.3
587 2 2.4
588 2 2.8
589 2 2.8
590 2 2.8
591 2 2.3
592 2 2.6
593 2 2.9
594 2 2.5
595 2 2.6
596 2 2.3
597 2 2.9
598 2 2.1
599 2 2.1
600 2 2.3
601 2 2.3
602 2 2.3
603 2 2.9
604 2 3.3
605 2 2.5
606 2 2.1
607 2 2.6
608 2 2.5
609 2 2.4
610 2 2.3
611 2 2.2
612 2 2.7
613 2 2.4
614 2 3.1
615 2 2.8
616 2 2.4
617 2 3
618 2 2.2
619 2 2.5
620 2 2.2
621 2 2.8
622 2 2.7
623 2 2.7
624 2 2.3
625 2 2.5
626 2 2.7
627 2 2.7
628 2 2.8
629 2 2.4
630 2 2.8
631 2 2.9
632 2 2.5
633 2 3.1
634 2 2.5
635 2 2.9
636 2 3.1
637 2 2.6
638 2 2.6
639 2 2.8
640 2 2.4
641 2 2.1
642 2 2.2
643 2 3.1
644 2 2.1
645 2 2.7
646 2 2.3
647 2 2.7
648 2 2.7
649 2 2.1
650 2 2.5
651 2 2.5
652 2 2.2
653 2 2.5
654 2 2.8
655 2 2.7
656 2 2.2
657 2 2.4
658 2 3.3
659 2 2.6
660 2 3.3
661 2 2.6
662 2 2.2
663 2 2.7
664 2 2.1
665 2 2.6
666 2 3.1
667 2 2.5
668 2 2.3
669 2 2.8
670 2 2.1
671 2 2.1
672 2 2.8
673 2 3.6
674 2 2.5
675 2 2.7
676 2 2
677 2 2.4
678 2 2.3
679 2 2.2
680 2 2.2
681 2 2
682 2 2.7
683 2 2.4
684 2 2.4
685 2 2.3
686 2 2.3
687 2 3.3
688 2 2.9
689 2 2.5
690 2 2.7
691 2 2.7
692 2 2.7
693 2 2.6
694 2 2.4
695 2 2.3
696 2 2.6
697 2 2
698 2 2.3
699 2 2
700 2 2.4
701 2 2.2
702 2 2.1
703 2 2.5
704 2 2.2
705 2 2.7
706 2 3.1
707 2 2.7
708 2 2.2
709 2 3.3
710 2 2.2
711 2 2.9
712 2 2.7
713 2 2.4
714 2 2
715 2 2.3
716 2 2.9
717 2 2.4
718 2 2.9
719 2 2.7
720 2 2.6
721 2 2
722 2 3.1
723 2 2.8
724 2 2.7
725 2 2.1
726 2 2.7
727 2 2.4
728 2 2.6
729 2 2.5
730 2 2.6
731 2 2.1
732 2 3
733 2 3
734 2 2.6
735 2 2.4
736 2 3.3
737 2 2.2
738 2 2.1
739 2 2.6
740 2 2.4
741 2 3.3
742 2 2.9
743 2 2.7
744 2 2.6
745 2 2.9
746 2 3.1
747 2 2.7
748 2 2.1
749 2 2.6
750 2 2.4
751 2 2.3
752 2 2.4
753 2 3.4
754 2 2.3
755 2 2
756 2 2.9
757 2 2.5
758 2 2.4
759 2 2.4
760 2 2.6
761 2 2.9
762 2 2.4
763 2 2.9
764 2 2
765 2 2.1
766 2 2.1
767 2 2.5
768 2 2.6
769 2 2.1
770 2 2.4
771 2 2.7
772 2 2.1
773 2 3.3
774 2 2.2
775 2 2.3
776 2 3.1
777 2 2.6
778 2 2.4
779 2 2.7
780 2 2.3
781 2 2
782 2 2.7
783 2 2.5
784 2 2.5
785 2 2.4
786 2 2.3
787 2 2.5
788 2 2.5
789 2 2.4
790 2 2.7
791 2 2.3
792 2 2.2
793 2 2.8
794 2 2.3
795 2 2.3
796 2 2
797 2 2.4
798 2 2.3
799 2 2.3
800 2 2.5
801 2 2.4
802 2 2.4
803 2 2.4
804 2 2
805 2 2.5
806 2 2
807 2 2.2
808 2 2.7
809 2 2.4
810 2 2.6
811 2 2.2
812 2 2.1
813 2 2.7
814 2 2.1
815 2 2.7
816 2 2.8
817 2 2.4
818 2 3.2
819 2 2.7
820 2 2.3
821 2 2.3
822 2 2.9
823 2 2.6
824 2 2.2
825 2 2.8
826 2 2.6
827 2 2.3
828 2 2.2
829 2 2.2
830 2 2.2
831 2 2.5
832 2 2.6
833 2 2.1
834 2 2.7
835 2 2.4
836 2 2
837 2 2.3
838 2 2.5
839 2 2.9
840 2 2.2
841 2 2.6
842 2 2.3
843 2 2
844 2 2.8
845 2 2
846 2 2.9
847 2 2.8
848 2 2.1
849 2 2.5
850 2 2
851 2 2.3
852 2 2.7
853 2 2.4
854 2 2.8
855 2 2.2
856 2 2.1
857 2 2.6
858 2 2.9
859 2 2.6
860 2 2.7
861 2 2.6
862 2 3.1
863 2 2.4
864 2 2.2
865 2 2.4
866 2 2.2
867 2 2.2
868 2 2.4
869 2 2.8
870 2 2.5
871 2 3.2
872 2 2.5
873 2 2.1
874 2 2.3
875 2 2.4
876 2 2.2
877 2 2.5
878 2 2.5
879 2 2.2
880 2 2.6
881 2 2.5
882 2 2.8
883 2 2.3
884 2 2.2
885 2 2.4
886 2 2.4
887 2 2.8
888 2 2.3
889 2 2.9
890 2 2.9
891 2 2.2
892 2 2.6
893 2 3.2
894 2 2.4
895 2 2.4
896 2 2.6
897 2 3
898 2 2.3
899 2 2.7
900 2 2.5
901 2 2.8
902 2 2.3
903 2 2.4
904 2 3.2
905 2 3.2
906 2 2.9
907 2 2.1
908 2 2.2
909 2 2.8
910 2 2.3
911 2 3.2
912 2 2
913 2 2.6
914 2 2.2
915 2 2.2
916 2 2
917 2 2.5
918 2 2.6
919 2 2.3
920 2 2.4
921 2 2.7
922 2 2.6
923 2 2.4
924 2 2
925 2 2.6
926 2 2.5
927 2 2.8
928 2 2.6
929 2 2.5
930 2 2.3
931 2 2.5
932 2 2.6
933 2 3.4
934 2 2.6
935 2 2.3
936 2 2.2
937 2 2.2
938 2 2.5
939 2 2.1
940 2 2.7
941 2 2.3
942 2 2.7
943 2 2.9
944 2 3
945 2 2.6
946 2 2.1
947 2 2.6
948 2 2.4
949 2 2.7
950 2 2.8
951 2 3.1
952 2 2.4
953 2 2.2
954 2 2.5
955 2 2.9
956 2 2.2
957 2 2.2
958 2 2.7
959 2 2.7
960 2 2.7
961 2 2.6
962 2 2
963 2 2.4
964 2 2.5
965 2 2.4
966 2 2.2
967 2 2.3
968 2 2
969 2 2.4
970 2 2.6
971 2 3.1
972 2 3.1
973 2 2.4
974 2 2.7
975 2 3
976 2 2.7
977 2 2.8
978 2 3
979 2 2.9
980 2 2.3
981 2 2.4
982 2 3.1
983 2 2.5
984 2 2.6
985 2 2.3
986 2 2.6
987 2 2.6
988 2 3
989 2 3.3
990 2 3.1
991 2 3.1
992 2 2.8
993 2 2.4
994 2 2.7
995 2 2.8
996 2 2.6
997 2 3
998 2 2.5
999 2 2.5
1000 2 2.5
1001 2 2.4
1002 2 2.8
1003 2 2.7
1004 2 2.5
1005 2 2.5
1006 2 2.6
1007 2 2
1008 2 2.8
1009 2 2.9
1010 2 2.7
1011 2 2.4
1012 2 2.4
1013 2 3.3
1014 2 2.8
1015 2 2.3
1016 2 2.2
1017 2 2.3
1018 2 2.5
1019 2 2.5
1020 2 2.2
1021 2 2.1
1022 2 2.2
1023 2 2.5
1024 2 2.2
1025 2 2.1
1026 2 3.1
1027 2 2.8
1028 2 2.8
1029 2 2.3
1030 2 2.3
1031 2 2.6
1032 2 2.4
1033 2 2.8
1034 2 2.6
1035 2 2.2
1036 2 2.6
1037 2 2.7
1038 2 2.3
1039 2 2.4
1040 2 2.2
1041 2 3.5
1042 2 2.2
1043 2 2.5
1044 2 2.6
1045 2 2
1046 2 3.1
1047 2 3
1048 2 2.7
1049 2 2.2
1050 2 2.7
1051 2 4
1052 2 2.1
1053 2 2.4
1054 2 2.4
1055 2 2.7
1056 2 2.4
1057 2 2.9
1058 2 2.8
1059 2 2.5
1060 2 3.2
1061 2 2.6
1062 2 2.6
1063 2 2.9
1064 2 2.9
1065 2 2.5
1066 2 2.7
1067 2 2.9
1068 2 2.6
1069 2 3.8
1070 2 2.7
1071 2 2.7
1072 2 2.8
1073 2 2.6
1074 2 2.2
1075 2 2.7
1076 2 2.3
1077 2 2.4
1078 2 2.4
1079 2 2.3
1080 2 2.9
1081 2 2.3
1082 2 2.5
1083 2 2.2
1084 2 2.4
1085 2 2.9
1086 2 2.8
1087 2 3
1088 2 2.6
1089 2 2.6
1090 2 2.7
1091 2 2.5
1092 2 2.7
1093 2 3.4
1094 2 2.4
1095 2 2.8
1096 2 2.8
1097 2 2.7
1098 2 2.9
1099 2 3.5
1100 2 2.8
1101 2 2.2
1102 2 2.7
1103 2 2.4
1104 2 2.1
1105 2 2.8
1106 2 2.7
1107 2 2.4
1108 2 2.9
1109 2 2.9
1110 2 2.7
1111 2 2
1112 2 3.2
1113 2 2.6
1114 2 2.8
1115 2 2.5
1116 2 2.7
1117 2 2
1118 2 2.3
1119 2 2.4
1120 2 3
1121 2 2
1122 2 2.3
1123 2 2
1124 2 2.4
1125 2 2
1126 2 3
1127 2 2.2
1128 2 2.1
1129 2 3
1130 2 2.1
1131 2 2.5
1132 2 2.5
1133 2 2.5
1134 2 2
1135 2 2.6
1136 2 3
1137 2 3.3
1138 2 2.6
1139 2 2.2
1140 2 2.5
1141 2 2.8
1142 2 3
1143 2 2.5
1144 2 2.3
1145 2 2.8
1146 2 2.9
1147 2 2.4
1148 2 2.5
1149 2 2.6
1150 2 2.5
1151 2 2.3
1152 2 2.7
1153 2 2.8
1154 2 2.9
1155 2 2.5
1156 2 2.5
1157 2 2.5
1158 2 2.9
1159 2 2.5
1160 2 2.5
1161 2 2.5
1162 2 2.8
1163 2 3.3
1164 2 2.9
1165 2 2.4
1166 2 2.2
1167 2 3.2
1168 2 2.5
1169 2 2.4
1170 2 2.7
1171 2 2
1172 2 2.6
1173 2 2.5
1174 2 2.4
1175 2 2.6
1176 2 2.2
1177 2 2.6
1178 2 2.8
1179 2 2.8
1180 2 2.4
1181 2 2.3
1182 2 2.4
1183 2 2
1184 1 2.3
1185 1 2.4
1186 1 1.8
1187 1 2.3
1188 1 2
1189 1 1.8
1190 1 1
1191 1 1.7
1192 1 1.7
1193 1 2
1194 1 1.5
1195 1 1.5
1196 1 1.5
1197 1 1.7
1198 1 1.2
1199 1 1.9
1200 1 1.6
1201 1 1.2
1202 1 1.2
1203 1 1.1
1204 1 2
1205 1 2
1206 1 1.8
1207 1 1.8
1208 1 1.5
1209 1 1
1210 1 2
1211 1 1.6
1212 1 1.4
1213 1 1.8
1214 1 1.7
1215 1 1.4
1216 1 2.3
1217 1 1.3
1218 1 1.5
1219 1 1.4
1220 1 1.4
1221 1 3
1222 1 2.2
1223 1 1.4
1224 1 1
1225 1 2.1
1226 1 1.5
1227 1 1.5
1228 1 1.6
1229 1 1.6
1230 1 1.6
1231 1 2
1232 1 1.2
1233 1 1.6
1234 1 1.4
1235 1 1.1
1236 1 1.5
1237 1 1.2
1238 1 1.2
1239 1 1.5
1240 1 2.5
1241 1 1.7
1242 1 1.6
1243 1 1.5
1244 1 1.5
1245 1 1.1
1246 1 1.6
1247 1 2.1
1248 1 1.6
1249 1 2.3
1250 1 1.7
1251 1 1.7
1252 1 1
1253 1 1.9
1254 1 1.1
1255 1 1
1256 1 1.8
1257 1 1.6
1258 1 1.2
1259 1 2.2
1260 1 1.6
1261 1 1.1
1262 1 1.4
1263 1 1.5
1264 1 1.5
1265 1 1.9
1266 1 1.7
1267 1 1.6
1268 1 1.8
1269 1 1.2
1270 1 1.4
1271 1 1.3
1272 1 1.2
1273 1 2.5
1274 1 2.2
1275 1 1.3
1276 1 1.3
1277 1 1.7
1278 1 1.2
1279 1 1.5
1280 1 2.2
1281 1 1.6
1282 1 1.7
1283 1 1.8
1284 1 1.4
1285 1 1.8
1286 1 1.8
1287 1 1.2
1288 1 1.3
1289 1 1.8
1290 1 1.2
1291 1 1
1292 1 1.6
1293 1 2.1
1294 1 1.7
1295 1 1.2
1296 1 1.6
1297 1 1.8
1298 1 2.1
1299 1 1.1
1300 1 1.9
1301 1 1.7
1302 1 1.3
1303 1 1
1304 1 1.4
1305 1 1.7
1306 1 1
1307 1 1.2
1308 1 1.9
1309 1 1.4
1310 1 1.6
1311 1 1.6
1312 1 1.5
1313 1 1.9
1314 1 1.6
1315 1 1.6
1316 1 2
1317 1 1.7
1318 1 1.7
1319 1 1.9
1320 1 1.2
1321 1 1.4
1322 1 1.2
1323 1 1.1
1324 1 1.8
1325 1 2
1326 1 1.8
1327 1 1.3
1328 1 2
1329 1 1.4
1330 1 1.2
1331 1 1.3
1332 1 1.7
1333 1 2
1334 1 1.2
1335 1 1.8
1336 1 2
1337 1 1.4
1338 1 1.8
1339 1 1.7
1340 1 1
1341 1 1.4
1342 1 1.3
1343 1 1.3
1344 1 1.6
1345 1 1.4
1346 1 1.6
1347 1 1.5
1348 1 2.1
1349 1 1.6
1350 1 1.5
1351 1 1.3
1352 1 1.6
1353 1 1.4
1354 1 1.7
1355 1 1.3
1356 1 1.7
1357 1 2.1
1358 1 1.9
1359 1 1.1
1360 1 1.3
1361 1 1.8
1362 1 1.3
1363 1 2.1
1364 1 1.1
1365 1 1.9
1366 1 1.7
1367 1 1.7
1368 1 1.6
1369 1 1.7
1370 1 1.9
1371 1 2.4
1372 1 1.2
1373 1 1.1
1374 1 2
1375 1 1.9
1376 1 2.1
1377 1 1.2
1378 1 2
1379 1 1.9
1380 1 1.8
1381 1 1.6
1382 1 1.5
1383 1 1.5
1384 1 1.9
1385 1 1.3
1386 1 1.2
1387 1 1.4
1388 1 1.5
1389 1 1.3
1390 1 1.2
1391 1 1.2
1392 1 1.5
1393 1 1.7
1394 1 1.6
1395 1 1
1396 1 1.7
1397 1 1.8
1398 1 1.3
1399 1 1.8
1400 1 1.4
1401 1 1.4
1402 1 1.8
1403 1 1.6
1404 1 1.5
1405 1 1.6
1406 1 1.6
1407 1 1.8
1408 1 1
1409 1 1.2
1410 1 1.5
1411 1 1.1
1412 1 1.2
1413 1 2.6
1414 1 1.4
1415 1 2.3
1416 1 1.8
1417 1 1.2
1418 1 1.5
1419 1 1.8
1420 1 1.4
1421 1 1.5
1422 1 1.4
1423 1 1.6
1424 1 1.6
1425 1 1
1426 1 1
1427 1 2.4
1428 1 1.4
1429 1 1.6
1430 1 2.4
1431 1 1.5
1432 1 1.1
1433 1 1.2
1434 1 1.2
1435 1 1.8
1436 1 1.3
1437 1 1.4
1438 1 1.4
1439 1 1.7
1440 1 2.3
1441 1 1.5
1442 1 1.3
1443 1 1.8
1444 1 2.1
1445 1 1.5
1446 1 1.7
1447 1 1.5
1448 1 1.3
1449 1 1.8
1450 1 1.8
1451 1 1.6
1452 1 1.3
1453 1 1.1
1454 1 1.7
1455 1 2
1456 1 1.2
1457 1 2
1458 1 1
1459 1 1.7
1460 1 2.8
1461 1 1.9
1462 1 1.2
1463 1 2.2
1464 1 2.3
1465 1 1.4
1466 1 1.6
1467 1 1.5
1468 1 1
1469 1 2.3
1470 1 1.9
1471 1 2.1
1472 1 1.5
1473 1 1.6
1474 1 1.7
1475 1 1.9
1476 1 1.9
1477 1 1.7
1478 1 1.3
1479 1 1.2
1480 1 1.5
1481 1 1.3
1482 1 1.5
1483 1 1.5
1484 1 1.9
1485 1 1.7
1486 1 1.4
1487 1 1.4
1488 1 1.6
1489 1 1.7
1490 1 1.5
1491 1 2.1
1492 1 1.4
1493 1 1.4
1494 1 2
1495 1 1.5
1496 1 1.9
1497 1 1.5
1498 1 1.7
1499 1 1.5
1500 1 2.2
1501 1 1.2
1502 1 1.3
1503 1 2
1504 1 1.7
1505 1 1.7
1506 1 1.7
1507 1 1.1
1508 1 1
1509 1 1.8
1510 1 1
1511 1 1.9
1512 1 1.1
1513 1 1.5
1514 1 1.4
1515 1 1.6
1516 1 1.4
1517 1 1.4
1518 1 1.5
1519 1 1.5
1520 1 1.3
1521 1 1.9
1522 1 1
1523 1 1.6
1524 1 1.3
1525 1 1.9
1526 1 1.9
1527 1 1.8
1528 1 2
1529 1 1.4
1530 1 2.2
1531 1 1.4
1532 1 1.7
1533 1 1.4
1534 1 1.5
1535 1 2
1536 1 1.7
1537 1 1.4
1538 1 1.3
1539 1 2.2
1540 1 1.8
1541 1 1.6
1542 1 1.1
1543 1 1.5
1544 1 1.2
1545 1 1.9
1546 1 1.9
1547 1 1.6
1548 1 1.2
1549 1 1.4
1550 1 1.3
1551 1 1.3
1552 1 1.4
1553 1 1.8
1554 1 2.3
1555 1 1.8
1556 1 1.7
1557 1 1
1558 1 1.3
1559 1 1.3
1560 1 1.4
1561 1 1.7
1562 1 1.4
1563 1 1.9
1564 1 1.4
1565 1 1.6
1566 1 1.8
1567 1 1.1
1568 1 1.9
1569 1 1.6
1570 1 1.1
1571 1 1.7
1572 1 1.3
1573 1 1
1574 1 2.1
1575 1 1.6
1576 1 1.6
1577 1 1.5
1578 1 1.7
1579 1 1.7
1580 1 1.3
1581 1 1
1582 1 1
1583 1 1.3
1584 1 1.5
1585 1 1.6
1586 1 1.5
1587 1 1.2
1588 1 1.4
1589 1 1.5
1590 1 1.4
1591 1 2
1592 1 1.5
1593 1 1.5
1594 1 1.2
1595 1 1.5
1596 1 2
1597 1 1.9
1598 1 1.5
1599 1 1.8
1600 1 1.5
1601 1 1.7
1602 1 1.8
1603 1 1.4
1604 1 2
1605 1 1.8
1606 1 1.2
1607 1 1.2
1608 1 2.2
1609 1 1.6
1610 1 1
1611 1 1.4
1612 1 1.4
1613 1 1.2
1614 1 1.3
1615 1 1.4
1616 1 1.5
1617 1 1.3
1618 1 1.4
1619 1 1.3
1620 1 1.3
1621 1 1.6
1622 1 1.6
1623 1 1.6
1624 1 1.9
1625 1 2.1
1626 1 1
1627 1 1
1628 1 1.9
1629 1 1.5
1630 1 1.7
1631 1 1.9
1632 1 2.2
1633 1 1.9
1634 1 2.4
1635 1 2
1636 1 2
1637 1 1.5
1638 1 2.2
1639 1 1.5
1640 1 1.4
1641 1 2.4
1642 1 1.5
1643 1 1.4
1644 1 1.3
1645 1 1.3
1646 1 1.4
1647 1 1.1
1648 1 1.3
1649 1 1.1
1650 1 1.4
1651 1 2.1
1652 1 1.4
1653 1 1.6
1654 1 1.3
1655 1 1.6
1656 1 2.1
1657 1 1.3
1658 1 1.6
1659 1 1.9
1660 1 1.3
1661 1 1.4
1662 1 1.3
1663 1 1.3
1664 1 1.3
1665 1 1.2
1666 1 1.2
1667 1 2.4
1668 1 1.5
1669 1 1.2
1670 1 2.1
1671 1 1.9
1672 1 1.3
1673 1 1.5
1674 1 2
1675 1 1.6
1676 1 1.7
1677 1 1
1678 1 1.2
1679 1 1.5
1680 1 1.6
1681 1 1
1682 1 1.5
1683 1 1.7
1684 1 1.9
1685 1 1.6
1686 1 1.9
1687 1 1.3
1688 1 1.2
1689 1 1.4
1690 1 1.5
1691 1 1.5
1692 1 1.4
1693 1 1
1694 1 1.3
1695 1 1.9
1696 1 1.4
1697 1 2.4
1698 1 1.7
1699 1 2.3
1700 1 1.9
1701 1 1.9
1702 1 1.9
1703 1 2.1
1704 1 1.9
1705 1 1.7
1706 1 1.5
1707 1 1.8
1708 1 1.8
1709 1 1.8
1710 1 1.6
1711 1 2
1712 1 1
1713 1 1.9
1714 1 1.1
1715 1 1.4
1716 1 1.9
1717 1 1.1
1718 1 1.1
1719 1 1.5
1720 1 1.6
1721 1 1.7
1722 1 1.3
1723 1 1.6
1724 1 2.1
1725 1 1.6
1726 1 1.8
1727 1 1.7
1728 1 1.6
1729 1 1.3
1730 1 1.6
1731 1 1.4
1732 1 1.3
1733 1 1.5
1734 1 2
1735 1 1.2
1736 1 1.4
1737 1 2.1
1738 1 2.2
1739 1 1.5
1740 1 1.6
1741 1 2
1742 1 1.5
1743 1 1
1744 1 1.2
1745 1 1.5
1746 1 1.5
1747 1 1.2
1748 1 2
1749 1 1.5
1750 1 1.9
1751 1 1.8
1752 1 1.7
1753 1 1.8
1754 1 1.5
1755 1 1.4
1756 1 1.7
1757 1 1.6
1758 1 1.4
1759 1 1.4
1760 1 1.6
1761 1 1.1
1762 1 1.9
1763 1 1.5
1764 1 1.3
1765 1 1
1766 1 1.2
1767 1 1.1
1768 1 1.5
1769 1 2
1770 1 2.1
1771 1 1.2
1772 1 1.6
1773 1 1.8
1774 1 1.4
1775 1 1.6
1776 1 1.2
1777 1 2.1
1778 1 1.1
1779 1 1.3
1780 1 2
1781 1 1.8
1782 1 2
1783 1 2
1784 1 2
1785 1 1.3
1786 1 1.2
1787 1 1.4
1788 1 1
1789 1 1.5
1790 1 1.9
1791 1 2.1
1792 1 1.5
1793 1 1.6
1794 1 1.5
1795 1 2.2
1796 1 1.5
1797 1 1.4
1798 1 1.3
1799 1 2.4
1800 1 1.4
1801 1 1.3
1802 1 1.6
1803 1 1.6
1804 1 1.7
1805 1 1.8
1806 1 2.3
1807 1 1.3
1808 1 1.7
1809 1 1.9
1810 1 1.4
1811 1 1.3
1812 1 1.2
1813 1 1.6
1814 1 1.6
1815 1 1.8
1816 1 1.9
1817 1 2.5
1818 1 1.9
1819 1 1.4
1820 1 1.4
1821 1 1.5
1822 1 1.9
1823 1 1.4
1824 1 1.3
1825 1 2
1826 1 1
1827 1 1.3
1828 1 1.3
1829 1 1.6
1830 1 2.1
1831 1 1.8
1832 1 2.2
1833 1 1.8
1834 1 1
1835 1 1.7
1836 1 1.6
1837 1 1.9
1838 1 1.6
1839 1 2.1
1840 1 1.8
1841 1 1.9
1842 1 1.9
1843 1 1.2
1844 1 1.5
1845 1 1.8
1846 1 1
1847 1 1.4
1848 1 1.7
1849 1 1.4
1850 1 1.3
1851 1 1.6
1852 1 1.5
1853 1 1.6
1854 1 1
1855 1 1.8
1856 1 1.3
1857 1 1.1
1858 1 1.8
1859 1 1.2
1860 1 2.4
1861 1 1.5
1862 1 1.6
1863 1 1.7
1864 1 1.8
1865 1 1.2
1866 1 1.7
1867 1 1.8
1868 1 1.2
1869 1 1.5
1870 1 2
1871 1 2.1
1872 1 1.6
1873 1 1.3
1874 1 1.9
1875 1 1.7
1876 1 1.6
1877 1 2
1878 1 1.9
1879 1 1.6
1880 1 1.6
1881 1 1.4
1882 1 1.5
1883 1 2
1884 1 1.4
1885 1 1.9
1886 1 1.4
1887 1 1.4
1888 1 1
1889 1 1.6
1890 1 1.5
1891 1 1.3
1892 1 1.4
1893 1 1.6
1894 1 1.1
1895 1 1.5
1896 1 1.6
1897 1 1.2
1898 1 1.1
1899 1 1.5
1900 1 1.3
1901 1 1.9
1902 1 1.2
1903 1 1.8
1904 1 1.2
1905 1 1.5
1906 1 1.3
1907 1 1.8
1908 1 1.4
1909 1 1.6
1910 1 1.2
1911 1 1.2
1912 1 1.3
1913 1 1.1
1914 1 1.8
1915 1 1.9
1916 1 1.6
1917 1 1.4
1918 1 1
1919 1 1.8
1920 1 1.3
1921 1 1.5
1922 1 1.7
1923 1 2
1924 1 1.7
1925 1 1.9
1926 1 2.3
1927 1 2.9
1928 1 2.3
1929 1 1.9
1930 1 1.2
1931 1 1.9
1932 1 2.1
1933 1 1.4
1934 1 1.1
1935 1 1.7
1936 1 1
1937 1 1.5
1938 1 2.3
1939 1 1.6
1940 1 1.3
1941 1 1.6
1942 1 1.3
1943 1 1.8
1944 1 1
1945 1 1.2
1946 1 1.8
1947 1 1.3
1948 1 1.2
1949 1 1.9
1950 1 1.5
1951 1 1.8
1952 1 1.5
1953 1 1.4
1954 1 1.4
1955 1 1
1956 1 1.4
1957 1 1.7
1958 1 1.1
1959 1 1.7
1960 1 1.6
1961 1 1.3
1962 1 2.4
1963 1 1.5
1964 1 1.9
1965 1 1
1966 1 1.3
1967 1 1.5
1968 1 1.7
1969 1 1.2
1970 1 1.2
1971 1 1.5
1972 1 1.3
1973 1 1.5
1974 1 1
1975 1 1.3
1976 1 1.2
1977 1 1.5
1978 1 1.6
1979 1 1.7
1980 1 1.7
1981 1 1.7
1982 1 1.5
1983 1 1.2
1984 1 1.2
1985 1 1.3
1986 1 1.4
1987 1 1.8
1988 1 1
1989 1 1.6
1990 1 1.7
1991 1 1.4
1992 1 1.4
1993 1 1
1994 1 1.3
1995 1 2.2
1996 1 1.2
1997 1 1.4
1998 1 1.5
1999 1 1.8
2000 1 1.5
